Y1	1	1	1	31	2	15
U2	1	4	1	30	2	14
Y4	1	7	1	29	2	13
U3	1	10	1	28	2	12
Y7	1	13	1	27	2	11
Y8	1	16	1	26	2	10
Y10	1	19	1	25	2	9
Y11	1	22	1	24	2	8
U6	1	25	1	23	2	7
Y14	1	28	1	22	2	6
U7	1	31	1	21	2	5
Y17	1	34	1	20	2	4
Y18	1	37	1	19	2	3
Y20	1	40	1	18	2	2
Y21	1	43	1	17	2	1
U10	1	46	1	16	2	0
Y24	1	49	1	15	1	15
U11	1	52	1	14	1	14
Y27	1	55	1	13	1	13
Y28	1	58	1	12	1	12
Y30	1	61	1	11	1	11
Y31	1	64	1	10	1	10
U14	1	67	1	9	1	9
Y34	1	70	1	8	1	8
U15	1	73	1	7	1	7
Y37	1	76	1	6	1	6
Y38	1	79	1	5	1	5
Y40	1	82	1	4	1	4
Y41	2	1	1	79	5	15
U18	2	4	1	78	5	14
Y44	2	7	1	77	5	13
U19	2	10	1	76	5	12
Y47	2	13	1	75	5	11
Y48	2	16	1	74	5	10
Y50	2	19	1	73	5	9
Y51	2	22	1	72	5	8
U22	2	25	1	71	5	7
Y54	2	28	1	70	5	6
U23	2	31	1	69	5	5
Y57	2	34	1	68	5	4
Y58	2	37	1	67	5	3
Y60	2	40	1	66	5	2
Y61	2	43	1	65	5	1
U26	2	46	1	64	5	0
Y64	2	49	1	95	6	15
U27	2	52	1	94	6	14
Y67	2	55	1	93	6	13
Y68	2	58	1	92	6	12
Y70	2	61	1	91	6	11
Y71	2	64	1	90	6	10
U30	2	67	1	89	6	9
Y74	2	70	1	88	6	8
U31	2	73	1	87	6	7
Y77	2	76	1	86	6	6
Y78	2	79	1	85	6	5
Y80	2	82	1	84	6	4
Y81	1	1	2	31	2	15
U34	1	4	2	30	2	14
Y84	1	7	2	29	2	13
U35	1	10	2	28	2	12
Y87	1	13	2	27	2	11
Y88	1	16	2	26	2	10
Y90	1	19	2	25	2	9
Y91	1	22	2	24	2	8
U38	1	25	2	23	2	7
Y94	1	28	2	22	2	6
U39	1	31	2	21	2	5
Y97	1	34	2	20	2	4
Y98	1	37	2	19	2	3
Y100	1	40	2	18	2	2
Y101	1	43	2	17	2	1
U42	1	46	2	16	2	0
Y104	1	49	2	15	1	15
U43	1	52	2	14	1	14
Y107	1	55	2	13	1	13
Y108	1	58	2	12	1	12
Y110	1	61	2	11	1	11
Y111	1	64	2	10	1	10
U46	1	67	2	9	1	9
Y114	1	70	2	8	1	8
U47	1	73	2	7	1	7
Y117	1	76	2	6	1	6
Y118	1	79	2	5	1	5
Y120	1	82	2	4	1	4
Y121	2	1	2	79	5	15
U50	2	4	2	78	5	14
Y124	2	7	2	77	5	13
U51	2	10	2	76	5	12
Y127	2	13	2	75	5	11
Y128	2	16	2	74	5	10
Y130	2	19	2	73	5	9
Y131	2	22	2	72	5	8
U54	2	25	2	71	5	7
Y134	2	28	2	70	5	6
U55	2	31	2	69	5	5
Y137	2	34	2	68	5	4
Y138	2	37	2	67	5	3
Y140	2	40	2	66	5	2
Y141	2	43	2	65	5	1
U58	2	46	2	64	5	0
Y144	2	49	2	95	6	15
U59	2	52	2	94	6	14
Y147	2	55	2	93	6	13
Y148	2	58	2	92	6	12
Y150	2	61	2	91	6	11
Y151	2	64	2	90	6	10
U62	2	67	2	89	6	9
Y154	2	70	2	88	6	8
U63	2	73	2	87	6	7
Y157	2	76	2	86	6	6
Y158	2	79	2	85	6	5
Y160	2	82	2	84	6	4
U1	1	3	1	48	4	0
Y2	1	6	1	49	4	1
Y3	1	9	1	50	4	2
Y5	1	12	1	51	4	3
Y6	1	15	1	52	4	4
U4	1	18	1	53	4	5
Y9	1	21	1	54	4	6
U5	1	24	1	55	4	7
Y12	1	27	1	56	4	8
Y13	1	30	1	57	4	9
Y15	1	33	1	58	4	10
Y16	1	36	1	59	4	11
U8	1	39	1	60	4	12
Y19	1	42	1	61	4	13
U9	1	45	1	62	4	14
Y22	1	48	1	63	4	15
Y23	1	51	1	32	3	0
Y25	1	54	1	33	3	1
Y26	1	57	1	34	3	2
U12	1	60	1	35	3	3
Y29	1	63	1	36	3	4
U13	1	66	1	37	3	5
Y32	1	69	1	38	3	6
Y33	1	72	1	39	3	7
Y35	1	75	1	40	3	8
Y36	1	78	1	41	3	9
U16	1	81	1	42	3	10
Y39	1	84	1	43	3	11
U17	2	3	1	96	7	0
Y42	2	6	1	97	7	1
Y43	2	9	1	98	7	2
Y45	2	12	1	99	7	3
Y46	2	15	1	100	7	4
U20	2	18	1	101	7	5
Y49	2	21	1	102	7	6
U21	2	24	1	103	7	7
Y52	2	27	1	104	7	8
Y53	2	30	1	105	7	9
Y55	2	33	1	106	7	10
Y56	2	36	1	107	7	11
U24	2	39	1	108	7	12
Y59	2	42	1	109	7	13
U25	2	45	1	110	7	14
Y62	2	48	1	111	7	15
Y63	2	51	1	112	8	0
Y65	2	54	1	113	8	1
Y66	2	57	1	114	8	2
U28	2	60	1	115	8	3
Y69	2	63	1	116	8	4
U29	2	66	1	117	8	5
Y72	2	69	1	118	8	6
Y73	2	72	1	119	8	7
Y75	2	75	1	120	8	8
Y76	2	78	1	121	8	9
U32	2	81	1	122	8	10
Y79	2	84	1	123	8	11
U33	1	3	2	48	4	0
Y82	1	6	2	49	4	1
Y83	1	9	2	50	4	2
Y85	1	12	2	51	4	3
Y86	1	15	2	52	4	4
U36	1	18	2	53	4	5
Y89	1	21	2	54	4	6
U37	1	24	2	55	4	7
Y92	1	27	2	56	4	8
Y93	1	30	2	57	4	9
Y95	1	33	2	58	4	10
Y96	1	36	2	59	4	11
U40	1	39	2	60	4	12
Y99	1	42	2	61	4	13
U41	1	45	2	62	4	14
Y102	1	48	2	63	4	15
Y103	1	51	2	32	3	0
Y105	1	54	2	33	3	1
Y106	1	57	2	34	3	2
U44	1	60	2	35	3	3
Y109	1	63	2	36	3	4
U45	1	66	2	37	3	5
Y112	1	69	2	38	3	6
Y113	1	72	2	39	3	7
Y115	1	75	2	40	3	8
Y116	1	78	2	41	3	9
U48	1	81	2	42	3	10
Y119	1	84	2	43	3	11
U49	2	3	2	96	7	0
Y122	2	6	2	97	7	1
Y123	2	9	2	98	7	2
Y125	2	12	2	99	7	3
Y126	2	15	2	100	7	4
U52	2	18	2	101	7	5
Y129	2	21	2	102	7	6
U53	2	24	2	103	7	7
Y132	2	27	2	104	7	8
Y133	2	30	2	105	7	9
Y135	2	33	2	106	7	10
Y136	2	36	2	107	7	11
U56	2	39	2	108	7	12
Y139	2	42	2	109	7	13
U57	2	45	2	110	7	14
Y142	2	48	2	111	7	15
Y143	2	51	2	112	8	0
Y145	2	54	2	113	8	1
Y146	2	57	2	114	8	2
U60	2	60	2	115	8	3
Y149	2	63	2	116	8	4
U61	2	66	2	117	8	5
Y152	2	69	2	118	8	6
Y153	2	72	2	119	8	7
Y155	2	75	2	120	8	8
Y156	2	78	2	121	8	9
U64	2	81	2	122	8	10
Y159	2	84	2	123	8	11
Y161	1	1	3	31	2	15
U66	1	4	3	30	2	14
Y164	1	7	3	29	2	13
U67	1	10	3	28	2	12
Y167	1	13	3	27	2	11
Y168	1	16	3	26	2	10
Y170	1	19	3	25	2	9
Y171	1	22	3	24	2	8
U70	1	25	3	23	2	7
Y174	1	28	3	22	2	6
U71	1	31	3	21	2	5
Y177	1	34	3	20	2	4
Y178	1	37	3	19	2	3
Y180	1	40	3	18	2	2
Y181	1	43	3	17	2	1
U74	1	46	3	16	2	0
Y184	1	49	3	15	1	15
U75	1	52	3	14	1	14
Y187	1	55	3	13	1	13
Y188	1	58	3	12	1	12
Y190	1	61	3	11	1	11
Y191	1	64	3	10	1	10
U78	1	67	3	9	1	9
Y194	1	70	3	8	1	8
U79	1	73	3	7	1	7
Y197	1	76	3	6	1	6
Y198	1	79	3	5	1	5
Y200	1	82	3	4	1	4
Y201	1	85	3	3	1	3
U82	1	88	3	2	1	2
Y204	1	91	3	1	1	1
U83	1	94	3	0	1	0
Y207	2	1	3	79	5	15
Y208	2	4	3	78	5	14
Y210	2	7	3	77	5	13
Y211	2	10	3	76	5	12
U86	2	13	3	75	5	11
Y214	2	16	3	74	5	10
U87	2	19	3	73	5	9
Y217	2	22	3	72	5	8
Y218	2	25	3	71	5	7
Y220	2	28	3	70	5	6
Y221	2	31	3	69	5	5
U90	2	34	3	68	5	4
Y224	2	37	3	67	5	3
U91	2	40	3	66	5	2
Y227	2	43	3	65	5	1
Y228	2	46	3	64	5	0
Y230	2	49	3	95	6	15
Y231	2	52	3	94	6	14
U94	2	55	3	93	6	13
Y234	2	58	3	92	6	12
U95	2	61	3	91	6	11
Y237	2	64	3	90	6	10
Y238	2	67	3	89	6	9
Y240	2	70	3	88	6	8
Y241	2	73	3	87	6	7
U98	2	76	3	86	6	6
Y244	2	79	3	85	6	5
U99	2	82	3	84	6	4
Y247	2	85	3	83	6	3
Y248	2	88	3	82	6	2
Y250	2	91	3	81	6	1
Y252	2	94	3	80	6	0
U65	1	3	3	48	4	0
Y162	1	6	3	49	4	1
Y163	1	9	3	50	4	2
Y165	1	12	3	51	4	3
Y166	1	15	3	52	4	4
U68	1	18	3	53	4	5
Y169	1	21	3	54	4	6
U69	1	24	3	55	4	7
Y172	1	27	3	56	4	8
Y173	1	30	3	57	4	9
Y175	1	33	3	58	4	10
Y176	1	36	3	59	4	11
U72	1	39	3	60	4	12
Y179	1	42	3	61	4	13
U73	1	45	3	62	4	14
Y182	1	48	3	63	4	15
Y183	1	51	3	32	3	0
Y185	1	54	3	33	3	1
Y186	1	57	3	34	3	2
U76	1	60	3	35	3	3
Y189	1	63	3	36	3	4
U77	1	66	3	37	3	5
Y192	1	69	3	38	3	6
Y193	1	72	3	39	3	7
Y195	1	75	3	40	3	8
Y196	1	78	3	41	3	9
U80	1	81	3	42	3	10
Y199	1	84	3	43	3	11
U81	1	87	3	44	3	12
Y202	1	90	3	45	3	13
Y203	1	93	3	46	3	14
Y205	1	96	3	47	3	15
Y206	2	3	3	96	7	0
U84	2	6	3	97	7	1
Y209	2	9	3	98	7	2
U85	2	12	3	99	7	3
Y212	2	15	3	100	7	4
Y213	2	18	3	101	7	5
Y215	2	21	3	102	7	6
Y216	2	24	3	103	7	7
U88	2	27	3	104	7	8
Y219	2	30	3	105	7	9
U89	2	33	3	106	7	10
Y222	2	36	3	107	7	11
Y223	2	39	3	108	7	12
Y225	2	42	3	109	7	13
Y226	2	45	3	110	7	14
U92	2	48	3	111	7	15
Y229	2	51	3	112	8	0
U93	2	54	3	113	8	1
Y232	2	57	3	114	8	2
Y233	2	60	3	115	8	3
Y235	2	63	3	116	8	4
Y236	2	66	3	117	8	5
U96	2	69	3	118	8	6
Y239	2	72	3	119	8	7
U97	2	75	3	120	8	8
Y242	2	78	3	121	8	9
Y243	2	81	3	122	8	10
Y245	2	84	3	123	8	11
Y246	2	87	3	124	8	12
U100	2	90	3	125	8	13
Y249	2	93	3	126	8	14
Y251	2	96	3	127	8	15
Y253	1	1	4	31	2	15
U102	1	4	4	30	2	14
Y256	1	7	4	29	2	13
U103	1	10	4	28	2	12
Y259	1	13	4	27	2	11
Y260	1	16	4	26	2	10
Y262	1	19	4	25	2	9
Y263	1	22	4	24	2	8
U106	1	25	4	23	2	7
Y266	1	28	4	22	2	6
U107	1	31	4	21	2	5
Y268	1	34	4	20	2	4
Y270	1	37	4	19	2	3
Y272	1	40	4	18	2	2
Y273	1	43	4	17	2	1
U110	1	46	4	16	2	0
Y276	1	49	4	15	1	15
U111	1	52	4	14	1	14
Y279	1	55	4	13	1	13
Y280	1	58	4	12	1	12
Y282	1	61	4	11	1	11
Y283	1	64	4	10	1	10
U114	1	67	4	9	1	9
Y286	1	70	4	8	1	8
U115	1	73	4	7	1	7
Y289	1	76	4	6	1	6
Y290	1	79	4	5	1	5
Y292	1	82	4	4	1	4
Y293	1	85	4	3	1	3
U118	1	88	4	2	1	2
Y295	1	91	4	1	1	1
U119	1	94	4	0	1	0
Y299	2	1	4	79	5	15
Y300	2	4	4	78	5	14
Y302	2	7	4	77	5	13
Y303	2	10	4	76	5	12
U122	2	13	4	75	5	11
Y306	2	16	4	74	5	10
U123	2	19	4	73	5	9
Y309	2	22	4	72	5	8
Y310	2	25	4	71	5	7
Y312	2	28	4	70	5	6
Y313	2	31	4	69	5	5
U126	2	34	4	68	5	4
Y316	2	37	4	67	5	3
U127	2	40	4	66	5	2
Y319	2	43	4	65	5	1
Y320	2	46	4	64	5	0
Z1	2	49	4	95	6	15
Z2	2	52	4	94	6	14
Z3	2	55	4	93	6	13
Z4	2	58	4	92	6	12
Z5	2	61	4	91	6	11
Z6	2	64	4	90	6	10
U129	2	67	4	89	6	9
Z7	2	70	4	88	6	8
Z8	2	73	4	87	6	7
U130	2	76	4	86	6	6
Z9	2	79	4	85	6	5
Z10	2	82	4	84	6	4
U131	2	85	4	83	6	3
Z11	2	88	4	82	6	2
Z12	2	91	4	81	6	1
U132	2	94	4	80	6	0
Z23	1	1	5	31	2	15
U140	1	4	5	30	2	14
Z26	1	7	5	29	2	13
Z27	1	10	5	28	2	12
U142	1	13	5	27	2	11
Z30	1	16	5	26	2	10
U143	1	19	5	25	2	9
Z33	1	22	5	24	2	8
Z34	1	25	5	23	2	7
U145	1	28	5	22	2	6
Z37	1	31	5	21	2	5
Z38	1	34	5	20	2	4
Z40	1	37	5	19	2	3
Z41	1	40	5	18	2	2
U148	1	43	5	17	2	1
Z44	1	46	5	16	2	0
Z45	1	49	5	15	1	15
U150	1	52	5	14	1	14
Z48	1	55	5	13	1	13
U151	1	58	5	12	1	12
Z51	1	61	5	11	1	11
Z52	1	64	5	10	1	10
U153	1	67	5	9	1	9
Z55	1	70	5	8	1	8
Z56	1	73	5	7	1	7
Z58	1	76	5	6	1	6
Z59	1	79	5	5	1	5
U156	1	82	5	4	1	4
Z62	1	85	5	3	1	3
Z63	1	88	5	2	1	2
U158	1	91	5	1	1	1
Z66	1	94	5	0	1	0
U159	2	1	5	79	5	15
Z69	2	4	5	78	5	14
Z70	2	7	5	77	5	13
U161	2	10	5	76	5	12
Z73	2	13	5	75	5	11
Z74	2	16	5	74	5	10
Z76	2	19	5	73	5	9
Z77	2	22	5	72	5	8
U164	2	25	5	71	5	7
Z80	2	28	5	70	5	6
Z81	2	31	5	69	5	5
U166	2	34	5	68	5	4
Z84	2	37	5	67	5	3
U167	2	40	5	66	5	2
Z87	2	43	5	65	5	1
Z88	2	46	5	64	5	0
U169	2	49	5	95	6	15
Z91	2	52	5	94	6	14
Z92	2	55	5	93	6	13
Z94	2	58	5	92	6	12
Z95	2	61	5	91	6	11
U172	2	64	5	90	6	10
Z98	2	67	5	89	6	9
Z99	2	70	5	88	6	8
U174	2	73	5	87	6	7
Z102	2	76	5	86	6	6
U175	2	79	5	85	6	5
Z105	2	82	5	84	6	4
Z106	2	85	5	83	6	3
U177	2	88	5	82	6	2
Z109	2	91	5	81	6	1
Z110	2	94	5	80	6	0
U101	1	3	4	48	4	0
Y254	1	6	4	49	4	1
Y255	1	9	4	50	4	2
Y257	1	12	4	51	4	3
Y258	1	15	4	52	4	4
U104	1	18	4	53	4	5
Y261	1	21	4	54	4	6
U105	1	24	4	55	4	7
Y264	1	27	4	56	4	8
Y265	1	30	4	57	4	9
Y267	1	33	4	58	4	10
Y269	1	36	4	59	4	11
U108	1	39	4	60	4	12
Y271	1	42	4	61	4	13
U109	1	45	4	62	4	14
Y274	1	48	4	63	4	15
Y275	1	51	4	32	3	0
Y277	1	54	4	33	3	1
Y278	1	57	4	34	3	2
U112	1	60	4	35	3	3
Y281	1	63	4	36	3	4
U113	1	66	4	37	3	5
Y284	1	69	4	38	3	6
Y285	1	72	4	39	3	7
Y287	1	75	4	40	3	8
Y288	1	78	4	41	3	9
U116	1	81	4	42	3	10
Y291	1	84	4	43	3	11
U117	1	87	4	44	3	12
Y294	1	90	4	45	3	13
Y296	1	93	4	46	3	14
Y297	1	96	4	47	3	15
Y298	2	3	4	96	7	0
U120	2	6	4	97	7	1
Y301	2	9	4	98	7	2
U121	2	12	4	99	7	3
Y304	2	15	4	100	7	4
Y305	2	18	4	101	7	5
Y307	2	21	4	102	7	6
Y308	2	24	4	103	7	7
U124	2	27	4	104	7	8
Y311	2	30	4	105	7	9
U125	2	33	4	106	7	10
Y314	2	36	4	107	7	11
Y315	2	39	4	108	7	12
Y317	2	42	4	109	7	13
Y318	2	45	4	110	7	14
U128	2	48	4	111	7	15
U138	2	51	4	112	8	0
U137	2	54	4	113	8	1
Z22	2	57	4	114	8	2
U136	2	60	4	115	8	3
Z21	2	63	4	116	8	4
Z20	2	66	4	117	8	5
U135	2	69	4	118	8	6
Z19	2	72	4	119	8	7
Z18	2	75	4	120	8	8
U134	2	78	4	121	8	9
Z17	2	81	4	122	8	10
Z16	2	84	4	123	8	11
U133	2	87	4	124	8	12
Z15	2	90	4	125	8	13
Z14	2	93	4	126	8	14
Z13	2	96	4	127	8	15
U139	1	3	5	48	4	0
Z24	1	6	5	49	4	1
Z25	1	9	5	50	4	2
U141	1	12	5	51	4	3
Z28	1	15	5	52	4	4
Z29	1	18	5	53	4	5
Z31	1	21	5	54	4	6
Z32	1	24	5	55	4	7
U144	1	27	5	56	4	8
Z35	1	30	5	57	4	9
Z36	1	33	5	58	4	10
U146	1	36	5	59	4	11
Z39	1	39	5	60	4	12
U147	1	42	5	61	4	13
Z42	1	45	5	62	4	14
Z43	1	48	5	63	4	15
U149	1	51	5	32	3	0
Z46	1	54	5	33	3	1
Z47	1	57	5	34	3	2
Z49	1	60	5	35	3	3
Z50	1	63	5	36	3	4
U152	1	66	5	37	3	5
Z53	1	69	5	38	3	6
Z54	1	72	5	39	3	7
U154	1	75	5	40	3	8
Z57	1	78	5	41	3	9
U155	1	81	5	42	3	10
Z60	1	84	5	43	3	11
Z61	1	87	5	44	3	12
U157	1	90	5	45	3	13
Z64	1	93	5	46	3	14
Z65	1	96	5	47	3	15
Z67	2	3	5	96	7	0
Z68	2	6	5	97	7	1
U160	2	9	5	98	7	2
Z71	2	12	5	99	7	3
Z72	2	15	5	100	7	4
U162	2	18	5	101	7	5
Z75	2	21	5	102	7	6
U163	2	24	5	103	7	7
Z78	2	27	5	104	7	8
Z79	2	30	5	105	7	9
U165	2	33	5	106	7	10
Z82	2	36	5	107	7	11
Z83	2	39	5	108	7	12
Z85	2	42	5	109	7	13
Z86	2	45	5	110	7	14
U168	2	48	5	111	7	15
Z89	2	51	5	112	8	0
Z90	2	54	5	113	8	1
U170	2	57	5	114	8	2
Z93	2	60	5	115	8	3
U171	2	63	5	116	8	4
Z96	2	66	5	117	8	5
Z97	2	69	5	118	8	6
U173	2	72	5	119	8	7
Z100	2	75	5	120	8	8
Z101	2	78	5	121	8	9
Z103	2	81	5	122	8	10
Z104	2	84	5	123	8	11
U176	2	87	5	124	8	12
Z107	2	90	5	125	8	13
Z108	2	93	5	126	8	14
U178	2	96	5	127	8	15
Z112	1	1	6	31	2	15
U179	1	4	6	30	2	14
Z115	1	7	6	29	2	13
Z116	1	10	6	28	2	12
U181	1	13	6	27	2	11
Z119	1	16	6	26	2	10
Z120	1	19	6	25	2	9
Z122	1	22	6	24	2	8
Z123	1	25	6	23	2	7
U184	1	28	6	22	2	6
Z126	1	31	6	21	2	5
Z127	1	34	6	20	2	4
U186	1	37	6	19	2	3
Z130	1	40	6	18	2	2
U187	1	43	6	17	2	1
Z133	1	46	6	16	2	0
Z134	1	49	6	15	1	15
U189	1	52	6	14	1	14
Z137	1	55	6	13	1	13
Z138	1	58	6	12	1	12
Z140	1	61	6	11	1	11
Z141	1	64	6	10	1	10
U192	1	67	6	9	1	9
Z144	1	70	6	8	1	8
Z145	1	73	6	7	1	7
U194	1	76	6	6	1	6
Z148	1	79	6	5	1	5
U195	1	82	6	4	1	4
Z151	1	85	6	3	1	3
Z152	1	88	6	2	1	2
U197	1	91	6	1	1	1
Z155	1	94	6	0	1	0
U198	2	1	6	79	5	15
Z158	2	4	6	78	5	14
Z159	2	7	6	77	5	13
U200	2	10	6	76	5	12
Z162	2	13	6	75	5	11
Z163	2	16	6	74	5	10
U202	2	19	6	73	5	9
Z166	2	22	6	72	5	8
U203	2	25	6	71	5	7
Z169	2	28	6	70	5	6
Z170	2	31	6	69	5	5
U205	2	34	6	68	5	4
Z173	2	37	6	67	5	3
Z174	2	40	6	66	5	2
Z176	2	43	6	65	5	1
Z177	2	46	6	64	5	0
U208	2	49	6	95	6	15
Z180	2	52	6	94	6	14
Z181	2	55	6	93	6	13
U210	2	58	6	92	6	12
Z184	2	61	6	91	6	11
U211	2	64	6	90	6	10
Z187	2	67	6	89	6	9
Z188	2	70	6	88	6	8
U213	2	73	6	87	6	7
Z191	2	76	6	86	6	6
Z192	2	79	6	85	6	5
Z194	2	82	6	84	6	4
Z195	2	85	6	83	6	3
U216	2	88	6	82	6	2
Z198	2	91	6	81	6	1
Z199	2	94	6	80	6	0
Z201	1	1	7	31	2	15
Z202	1	4	7	30	2	14
U219	1	7	7	29	2	13
Z205	1	10	7	28	2	12
Z206	1	13	7	27	2	11
U221	1	16	7	26	2	10
Z209	1	19	7	25	2	9
U222	1	22	7	24	2	8
Z212	1	25	7	23	2	7
Z213	1	28	7	22	2	6
U224	1	31	7	21	2	5
Z216	1	34	7	20	2	4
Z217	1	37	7	19	2	3
Z219	1	40	7	18	2	2
Z220	1	43	7	17	2	1
U227	1	46	7	16	2	0
Z223	1	49	7	15	1	15
Z224	1	52	7	14	1	14
U229	1	55	7	13	1	13
Z227	1	58	7	12	1	12
U230	1	61	7	11	1	11
Z230	1	64	7	10	1	10
Z231	1	67	7	9	1	9
U232	1	70	7	8	1	8
Z234	1	73	7	7	1	7
Z235	1	76	7	6	1	6
Z237	1	79	7	5	1	5
Z238	1	82	7	4	1	4
U235	1	85	7	3	1	3
Z241	1	88	7	2	1	2
Z242	1	91	7	1	1	1
U237	1	94	7	0	1	0
Z245	2	1	7	79	5	15
U238	2	4	7	78	5	14
Z248	2	7	7	77	5	13
Z249	2	10	7	76	5	12
U240	2	13	7	75	5	11
Z252	2	16	7	74	5	10
Z253	2	19	7	73	5	9
Z255	2	22	7	72	5	8
Z256	2	25	7	71	5	7
U243	2	28	7	70	5	6
Z259	2	31	7	69	5	5
Z260	2	34	7	68	5	4
U245	2	37	7	67	5	3
Z263	2	40	7	66	5	2
U246	2	43	7	65	5	1
Z266	2	46	7	64	5	0
Z267	2	49	7	95	6	15
U248	2	52	7	94	6	14
Z270	2	55	7	93	6	13
Z271	2	58	7	92	6	12
Z273	2	61	7	91	6	11
Z274	2	64	7	90	6	10
U251	2	67	7	89	6	9
Z277	2	70	7	88	6	8
Z278	2	73	7	87	6	7
U253	2	76	7	86	6	6
Z281	2	79	7	85	6	5
U254	2	82	7	84	6	4
Z284	2	85	7	83	6	3
Z285	2	88	7	82	6	2
U256	2	91	7	81	6	1
Z288	2	94	7	80	6	0
Z111	1	3	6	48	4	0
Z113	1	6	6	49	4	1
Z114	1	9	6	50	4	2
U180	1	12	6	51	4	3
Z117	1	15	6	52	4	4
Z118	1	18	6	53	4	5
U182	1	21	6	54	4	6
Z121	1	24	6	55	4	7
U183	1	27	6	56	4	8
Z124	1	30	6	57	4	9
Z125	1	33	6	58	4	10
U185	1	36	6	59	4	11
Z128	1	39	6	60	4	12
Z129	1	42	6	61	4	13
Z131	1	45	6	62	4	14
Z132	1	48	6	63	4	15
U188	1	51	6	32	3	0
Z135	1	54	6	33	3	1
Z136	1	57	6	34	3	2
U190	1	60	6	35	3	3
Z139	1	63	6	36	3	4
U191	1	66	6	37	3	5
Z142	1	69	6	38	3	6
Z143	1	72	6	39	3	7
U193	1	75	6	40	3	8
Z146	1	78	6	41	3	9
Z147	1	81	6	42	3	10
Z149	1	84	6	43	3	11
Z150	1	87	6	44	3	12
U196	1	90	6	45	3	13
Z153	1	93	6	46	3	14
Z154	1	96	6	47	3	15
Z156	2	3	6	96	7	0
Z157	2	6	6	97	7	1
U199	2	9	6	98	7	2
Z160	2	12	6	99	7	3
Z161	2	15	6	100	7	4
U201	2	18	6	101	7	5
Z164	2	21	6	102	7	6
Z165	2	24	6	103	7	7
Z167	2	27	6	104	7	8
Z168	2	30	6	105	7	9
U204	2	33	6	106	7	10
Z171	2	36	6	107	7	11
Z172	2	39	6	108	7	12
U206	2	42	6	109	7	13
Z175	2	45	6	110	7	14
U207	2	48	6	111	7	15
Z178	2	51	6	112	8	0
Z179	2	54	6	113	8	1
U209	2	57	6	114	8	2
Z182	2	60	6	115	8	3
Z183	2	63	6	116	8	4
Z185	2	66	6	117	8	5
Z186	2	69	6	118	8	6
U212	2	72	6	119	8	7
Z189	2	75	6	120	8	8
Z190	2	78	6	121	8	9
U214	2	81	6	122	8	10
Z193	2	84	6	123	8	11
U215	2	87	6	124	8	12
Z196	2	90	6	125	8	13
Z197	2	93	6	126	8	14
U217	2	96	6	127	8	15
Z200	1	3	7	48	4	0
U218	1	6	7	49	4	1
Z203	1	9	7	50	4	2
Z204	1	12	7	51	4	3
U220	1	15	7	52	4	4
Z207	1	18	7	53	4	5
Z208	1	21	7	54	4	6
Z210	1	24	7	55	4	7
Z211	1	27	7	56	4	8
U223	1	30	7	57	4	9
Z214	1	33	7	58	4	10
Z215	1	36	7	59	4	11
U225	1	39	7	60	4	12
Z218	1	42	7	61	4	13
U226	1	45	7	62	4	14
Z221	1	48	7	63	4	15
Z222	1	51	7	32	3	0
U228	1	54	7	33	3	1
Z225	1	57	7	34	3	2
Z226	1	60	7	35	3	3
Z228	1	63	7	36	3	4
Z229	1	66	7	37	3	5
U231	1	69	7	38	3	6
Z232	1	72	7	39	3	7
Z233	1	75	7	40	3	8
U233	1	78	7	41	3	9
Z236	1	81	7	42	3	10
U234	1	84	7	43	3	11
Z239	1	87	7	44	3	12
Z240	1	90	7	45	3	13
U236	1	93	7	46	3	14
Z243	1	96	7	47	3	15
Z244	2	3	7	96	7	0
Z246	2	6	7	97	7	1
Z247	2	9	7	98	7	2
U239	2	12	7	99	7	3
Z250	2	15	7	100	7	4
Z251	2	18	7	101	7	5
U241	2	21	7	102	7	6
Z254	2	24	7	103	7	7
U242	2	27	7	104	7	8
Z257	2	30	7	105	7	9
Z258	2	33	7	106	7	10
U244	2	36	7	107	7	11
Z261	2	39	7	108	7	12
Z262	2	42	7	109	7	13
Z264	2	45	7	110	7	14
Z265	2	48	7	111	7	15
U247	2	51	7	112	8	0
Z268	2	54	7	113	8	1
Z269	2	57	7	114	8	2
U249	2	60	7	115	8	3
Z272	2	63	7	116	8	4
U250	2	66	7	117	8	5
Z275	2	69	7	118	8	6
Z276	2	72	7	119	8	7
U252	2	75	7	120	8	8
Z279	2	78	7	121	8	9
Z280	2	81	7	122	8	10
Z282	2	84	7	123	8	11
Z283	2	87	7	124	8	12
U255	2	90	7	125	8	13
Z286	2	93	7	126	8	14
Z287	2	96	7	127	8	15
U257	1	1	8	31	2	15
Z291	1	4	8	30	2	14
Z292	1	7	8	29	2	13
U259	1	10	8	28	2	12
Z295	1	13	8	27	2	11
Z296	1	16	8	26	2	10
Z298	1	19	8	25	2	9
Z299	1	22	8	24	2	8
U262	1	25	8	23	2	7
Z302	1	28	8	22	2	6
Z303	1	31	8	21	2	5
U264	1	34	8	20	2	4
Z306	1	37	8	19	2	3
U265	1	40	8	18	2	2
Z309	1	43	8	17	2	1
Z310	1	46	8	16	2	0
U267	1	49	8	15	1	15
Z313	1	52	8	14	1	14
Z314	1	55	8	13	1	13
Z316	1	58	8	12	1	12
Z317	1	61	8	11	1	11
U270	1	64	8	10	1	10
Z320	1	67	8	9	1	9
Z321	1	70	8	8	1	8
U272	1	73	8	7	1	7
Z324	1	76	8	6	1	6
U273	1	79	8	5	1	5
Z327	1	82	8	4	1	4
Z328	1	85	8	3	1	3
U275	1	88	8	2	1	2
Z331	1	91	8	1	1	1
Z332	1	94	8	0	1	0
Z334	2	1	8	79	5	15
Z335	2	4	8	78	5	14
U278	2	7	8	77	5	13
Z338	2	10	8	76	5	12
Z339	2	13	8	75	5	11
U280	2	16	8	74	5	10
Z342	2	19	8	73	5	9
U281	2	22	8	72	5	8
Z345	2	25	8	71	5	7
Z346	2	28	8	70	5	6
U283	2	31	8	69	5	5
Z349	2	34	8	68	5	4
Z350	2	37	8	67	5	3
Z352	2	40	8	66	5	2
Z353	2	43	8	65	5	1
U286	2	46	8	64	5	0
Z356	2	49	8	95	6	15
Z357	2	52	8	94	6	14
U288	2	55	8	93	6	13
Z360	2	58	8	92	6	12
U289	2	61	8	91	6	11
Z363	2	64	8	90	6	10
Z364	2	67	8	89	6	9
U291	2	70	8	88	6	8
Z367	2	73	8	87	6	7
Z368	2	76	8	86	6	6
Z370	2	79	8	85	6	5
Z371	2	82	8	84	6	4
U294	2	85	8	83	6	3
Z374	2	88	8	82	6	2
Z375	2	91	8	81	6	1
U296	2	94	8	80	6	0
U297	1	1	9	31	2	15
Z379	1	4	9	30	2	14
Z380	1	7	9	29	2	13
U299	1	10	9	28	2	12
Z383	1	13	9	27	2	11
Z384	1	16	9	26	2	10
Z386	1	19	9	25	2	9
Z387	1	22	9	24	2	8
U302	1	25	9	23	2	7
Z390	1	28	9	22	2	6
Z391	1	31	9	21	2	5
U304	1	34	9	20	2	4
Z394	1	37	9	19	2	3
U305	1	40	9	18	2	2
Z397	1	43	9	17	2	1
Z398	1	46	9	16	2	0
U307	1	49	9	15	1	15
Z401	1	52	9	14	1	14
Z402	1	55	9	13	1	13
Z404	1	58	9	12	1	12
Z405	1	61	9	11	1	11
U310	1	64	9	10	1	10
Z408	1	67	9	9	1	9
Z409	1	70	9	8	1	8
U312	1	73	9	7	1	7
Z412	1	76	9	6	1	6
U313	1	79	9	5	1	5
Z415	1	82	9	4	1	4
Z416	1	85	9	3	1	3
U315	1	88	9	2	1	2
Z419	1	91	9	1	1	1
Z420	1	94	9	0	1	0
Z422	2	1	9	79	5	15
Z423	2	4	9	78	5	14
U318	2	7	9	77	5	13
Z426	2	10	9	76	5	12
Z427	2	13	9	75	5	11
U320	2	16	9	74	5	10
Z430	2	19	9	73	5	9
U321	2	22	9	72	5	8
Z433	2	25	9	71	5	7
Z434	2	28	9	70	5	6
U323	2	31	9	69	5	5
Z437	2	34	9	68	5	4
Z438	2	37	9	67	5	3
Z440	2	40	9	66	5	2
Z441	2	43	9	65	5	1
U326	2	46	9	64	5	0
Z444	2	49	9	95	6	15
Z445	2	52	9	94	6	14
U328	2	55	9	93	6	13
Z448	2	58	9	92	6	12
U329	2	61	9	91	6	11
Z451	2	64	9	90	6	10
Z452	2	67	9	89	6	9
U331	2	70	9	88	6	8
Z455	2	73	9	87	6	7
Z456	2	76	9	86	6	6
Z458	2	79	9	85	6	5
Z459	2	82	9	84	6	4
U334	2	85	9	83	6	3
Z462	2	88	9	82	6	2
Z463	2	91	9	81	6	1
U336	2	94	9	80	6	0
Z289	1	3	8	48	4	0
Z290	1	6	8	49	4	1
U258	1	9	8	50	4	2
Z293	1	12	8	51	4	3
Z294	1	15	8	52	4	4
U260	1	18	8	53	4	5
Z297	1	21	8	54	4	6
U261	1	24	8	55	4	7
Z300	1	27	8	56	4	8
Z301	1	30	8	57	4	9
U263	1	33	8	58	4	10
Z304	1	36	8	59	4	11
Z305	1	39	8	60	4	12
Z307	1	42	8	61	4	13
Z308	1	45	8	62	4	14
U266	1	48	8	63	4	15
Z311	1	51	8	32	3	0
Z312	1	54	8	33	3	1
U268	1	57	8	34	3	2
Z315	1	60	8	35	3	3
U269	1	63	8	36	3	4
Z318	1	66	8	37	3	5
Z319	1	69	8	38	3	6
U271	1	72	8	39	3	7
Z322	1	75	8	40	3	8
Z323	1	78	8	41	3	9
Z325	1	81	8	42	3	10
Z326	1	84	8	43	3	11
U274	1	87	8	44	3	12
Z329	1	90	8	45	3	13
Z330	1	93	8	46	3	14
U276	1	96	8	47	3	15
Z333	2	3	8	96	7	0
U277	2	6	8	97	7	1
Z336	2	9	8	98	7	2
Z337	2	12	8	99	7	3
U279	2	15	8	100	7	4
Z340	2	18	8	101	7	5
Z341	2	21	8	102	7	6
Z343	2	24	8	103	7	7
Z344	2	27	8	104	7	8
U282	2	30	8	105	7	9
Z347	2	33	8	106	7	10
Z348	2	36	8	107	7	11
U284	2	39	8	108	7	12
Z351	2	42	8	109	7	13
U285	2	45	8	110	7	14
Z354	2	48	8	111	7	15
Z355	2	51	8	112	8	0
U287	2	54	8	113	8	1
Z358	2	57	8	114	8	2
Z359	2	60	8	115	8	3
Z361	2	63	8	116	8	4
Z362	2	66	8	117	8	5
U290	2	69	8	118	8	6
Z365	2	72	8	119	8	7
Z366	2	75	8	120	8	8
U292	2	78	8	121	8	9
Z369	2	81	8	122	8	10
U293	2	84	8	123	8	11
Z372	2	87	8	124	8	12
Z373	2	90	8	125	8	13
U295	2	93	8	126	8	14
Z376	2	96	8	127	8	15
Z377	1	3	9	48	4	0
Z378	1	6	9	49	4	1
U298	1	9	9	50	4	2
Z381	1	12	9	51	4	3
Z382	1	15	9	52	4	4
U300	1	18	9	53	4	5
Z385	1	21	9	54	4	6
U301	1	24	9	55	4	7
Z388	1	27	9	56	4	8
Z389	1	30	9	57	4	9
U303	1	33	9	58	4	10
Z392	1	36	9	59	4	11
Z393	1	39	9	60	4	12
Z395	1	42	9	61	4	13
Z396	1	45	9	62	4	14
U306	1	48	9	63	4	15
Z399	1	51	9	32	3	0
Z400	1	54	9	33	3	1
U308	1	57	9	34	3	2
Z403	1	60	9	35	3	3
U309	1	63	9	36	3	4
Z406	1	66	9	37	3	5
Z407	1	69	9	38	3	6
U311	1	72	9	39	3	7
Z410	1	75	9	40	3	8
Z411	1	78	9	41	3	9
Z413	1	81	9	42	3	10
Z414	1	84	9	43	3	11
U314	1	87	9	44	3	12
Z417	1	90	9	45	3	13
Z418	1	93	9	46	3	14
U316	1	96	9	47	3	15
Z421	2	3	9	96	7	0
U317	2	6	9	97	7	1
Z424	2	9	9	98	7	2
Z425	2	12	9	99	7	3
U319	2	15	9	100	7	4
Z428	2	18	9	101	7	5
Z429	2	21	9	102	7	6
Z431	2	24	9	103	7	7
Z432	2	27	9	104	7	8
U322	2	30	9	105	7	9
Z435	2	33	9	106	7	10
Z436	2	36	9	107	7	11
U324	2	39	9	108	7	12
Z439	2	42	9	109	7	13
U325	2	45	9	110	7	14
Z442	2	48	9	111	7	15
Z443	2	51	9	112	8	0
U327	2	54	9	113	8	1
Z446	2	57	9	114	8	2
Z447	2	60	9	115	8	3
Z449	2	63	9	116	8	4
Z450	2	66	9	117	8	5
U330	2	69	9	118	8	6
Z453	2	72	9	119	8	7
Z454	2	75	9	120	8	8
U332	2	78	9	121	8	9
Z457	2	81	9	122	8	10
U333	2	84	9	123	8	11
Z460	2	87	9	124	8	12
Z461	2	90	9	125	8	13
U335	2	93	9	126	8	14
Z464	2	96	9	127	8	15
U337	1	1	10	31	2	15
Z467	1	4	10	30	2	14
Z468	1	7	10	29	2	13
U339	1	10	10	28	2	12
Z471	1	13	10	27	2	11
Z472	1	16	10	26	2	10
Z474	1	19	10	25	2	9
Z475	1	22	10	24	2	8
U342	1	25	10	23	2	7
Z478	1	28	10	22	2	6
Z479	1	31	10	21	2	5
U344	1	34	10	20	2	4
Z482	1	37	10	19	2	3
U345	1	40	10	18	2	2
Z485	1	43	10	17	2	1
Z486	1	46	10	16	2	0
U347	1	49	10	15	1	15
Z489	1	52	10	14	1	14
Z490	1	55	10	13	1	13
Z492	1	58	10	12	1	12
Z493	1	61	10	11	1	11
U350	1	64	10	10	1	10
Z496	1	67	10	9	1	9
Z497	1	70	10	8	1	8
U352	1	73	10	7	1	7
Z500	1	76	10	6	1	6
U353	1	79	10	5	1	5
Z503	1	82	10	4	1	4
Z504	1	85	10	3	1	3
U355	1	88	10	2	1	2
Z507	1	91	10	1	1	1
Z508	1	94	10	0	1	0
Z510	2	1	10	79	5	15
Z511	2	4	10	78	5	14
U358	2	7	10	77	5	13
Z514	2	10	10	76	5	12
Z515	2	13	10	75	5	11
U360	2	16	10	74	5	10
Z518	2	19	10	73	5	9
U361	2	22	10	72	5	8
Z521	2	25	10	71	5	7
Z522	2	28	10	70	5	6
U363	2	31	10	69	5	5
Z525	2	34	10	68	5	4
Z526	2	37	10	67	5	3
Z528	2	40	10	66	5	2
Z529	2	43	10	65	5	1
U366	2	46	10	64	5	0
Z532	2	49	10	95	6	15
Z533	2	52	10	94	6	14
U368	2	55	10	93	6	13
Z536	2	58	10	92	6	12
U369	2	61	10	91	6	11
Z539	2	64	10	90	6	10
Z540	2	67	10	89	6	9
U371	2	70	10	88	6	8
Z543	2	73	10	87	6	7
Z544	2	76	10	86	6	6
Z546	2	79	10	85	6	5
Z547	2	82	10	84	6	4
U374	2	85	10	83	6	3
Z550	2	88	10	82	6	2
Z551	2	91	10	81	6	1
Z553	2	94	10	80	6	0
U381	1	1	11	31	2	15
Z565	1	4	11	30	2	14
Z566	1	7	11	29	2	13
U382	1	10	11	28	2	12
Z567	1	13	11	27	2	11
Z568	1	16	11	26	2	10
U383	1	19	11	25	2	9
Z569	1	22	11	24	2	8
Z570	1	25	11	23	2	7
U384	1	28	11	22	2	6
Z571	1	31	11	21	2	5
Z572	1	34	11	20	2	4
Z573	1	37	11	19	2	3
Z574	1	40	11	18	2	2
Z575	1	43	11	17	2	1
Z576	1	46	11	16	2	0
Y639	1	49	11	15	1	15
Y637	1	52	11	14	1	14
Y635	1	55	11	13	1	13
Y633	1	58	11	12	1	12
Y631	1	61	11	11	1	11
Y629	1	64	11	10	1	10
Y627	1	67	11	9	1	9
Y625	1	70	11	8	1	8
Y623	1	73	11	7	1	7
Y621	1	76	11	6	1	6
Y619	1	79	11	5	1	5
Y617	1	82	11	4	1	4
Y615	1	85	11	3	1	3
Y613	1	88	11	2	1	2
Y611	1	91	11	1	1	1
Y609	1	94	11	0	1	0
Y607	2	1	11	79	5	15
Y605	2	4	11	78	5	14
Y603	2	7	11	77	5	13
Y601	2	10	11	76	5	12
Y599	2	13	11	75	5	11
Y597	2	16	11	74	5	10
Y595	2	19	11	73	5	9
Y593	2	22	11	72	5	8
Y591	2	25	11	71	5	7
Y589	2	28	11	70	5	6
Y587	2	31	11	69	5	5
Y585	2	34	11	68	5	4
Y583	2	37	11	67	5	3
Y581	2	40	11	66	5	2
Y579	2	43	11	65	5	1
Y577	2	46	11	64	5	0
Z465	1	3	10	48	4	0
Z466	1	6	10	49	4	1
U338	1	9	10	50	4	2
Z469	1	12	10	51	4	3
Z470	1	15	10	52	4	4
U340	1	18	10	53	4	5
Z473	1	21	10	54	4	6
U341	1	24	10	55	4	7
Z476	1	27	10	56	4	8
Z477	1	30	10	57	4	9
U343	1	33	10	58	4	10
Z480	1	36	10	59	4	11
Z481	1	39	10	60	4	12
Z483	1	42	10	61	4	13
Z484	1	45	10	62	4	14
U346	1	48	10	63	4	15
Z487	1	51	10	32	3	0
Z488	1	54	10	33	3	1
U348	1	57	10	34	3	2
Z491	1	60	10	35	3	3
U349	1	63	10	36	3	4
Z494	1	66	10	37	3	5
Z495	1	69	10	38	3	6
U351	1	72	10	39	3	7
Z498	1	75	10	40	3	8
Z499	1	78	10	41	3	9
Z501	1	81	10	42	3	10
Z502	1	84	10	43	3	11
U354	1	87	10	44	3	12
Z505	1	90	10	45	3	13
Z506	1	93	10	46	3	14
U356	1	96	10	47	3	15
Z509	2	3	10	96	7	0
U357	2	6	10	97	7	1
Z512	2	9	10	98	7	2
Z513	2	12	10	99	7	3
U359	2	15	10	100	7	4
Z516	2	18	10	101	7	5
Z517	2	21	10	102	7	6
Z519	2	24	10	103	7	7
Z520	2	27	10	104	7	8
U362	2	30	10	105	7	9
Z523	2	33	10	106	7	10
Z524	2	36	10	107	7	11
U364	2	39	10	108	7	12
Z527	2	42	10	109	7	13
U365	2	45	10	110	7	14
Z530	2	48	10	111	7	15
Z531	2	51	10	112	8	0
U367	2	54	10	113	8	1
Z534	2	57	10	114	8	2
Z535	2	60	10	115	8	3
Z537	2	63	10	116	8	4
Z538	2	66	10	117	8	5
U370	2	69	10	118	8	6
Z541	2	72	10	119	8	7
Z542	2	75	10	120	8	8
U372	2	78	10	121	8	9
Z545	2	81	10	122	8	10
U373	2	84	10	123	8	11
Z548	2	87	10	124	8	12
Z549	2	90	10	125	8	13
U375	2	93	10	126	8	14
Z552	2	96	10	127	8	15
Z564	1	3	11	48	4	0
Z563	1	6	11	49	4	1
Z562	1	9	11	50	4	2
U380	1	12	11	51	4	3
Z561	1	15	11	52	4	4
Z560	1	18	11	53	4	5
U379	1	21	11	54	4	6
Z559	1	24	11	55	4	7
Z558	1	27	11	56	4	8
U378	1	30	11	57	4	9
Z557	1	33	11	58	4	10
Z556	1	36	11	59	4	11
U377	1	39	11	60	4	12
Z555	1	42	11	61	4	13
Z554	1	45	11	62	4	14
U376	1	48	11	63	4	15
Y640	1	51	11	32	3	0
Y638	1	54	11	33	3	1
Y636	1	57	11	34	3	2
Y634	1	60	11	35	3	3
Y632	1	63	11	36	3	4
Y630	1	66	11	37	3	5
Y628	1	69	11	38	3	6
Y626	1	72	11	39	3	7
Y624	1	75	11	40	3	8
Y622	1	78	11	41	3	9
Y620	1	81	11	42	3	10
Y618	1	84	11	43	3	11
Y616	1	87	11	44	3	12
Y614	1	90	11	45	3	13
Y612	1	93	11	46	3	14
Y610	1	96	11	47	3	15
Y608	2	3	11	96	7	0
Y606	2	6	11	97	7	1
Y604	2	9	11	98	7	2
Y602	2	12	11	99	7	3
Y600	2	15	11	100	7	4
Y598	2	18	11	101	7	5
Y596	2	21	11	102	7	6
Y594	2	24	11	103	7	7
Y592	2	27	11	104	7	8
Y590	2	30	11	105	7	9
Y588	2	33	11	106	7	10
Y586	2	36	11	107	7	11
Y584	2	39	11	108	7	12
Y582	2	42	11	109	7	13
Y580	2	45	11	110	7	14
Y578	2	48	11	111	7	15
Y575	1	1	12	31	2	15
Y573	1	4	12	30	2	14
Y571	1	7	12	29	2	13
Y569	1	10	12	28	2	12
Y567	1	13	12	27	2	11
Y565	1	16	12	26	2	10
Y563	1	19	12	25	2	9
Y561	1	22	12	24	2	8
Y559	1	25	12	23	2	7
Y557	1	28	12	22	2	6
Y555	1	31	12	21	2	5
Y553	1	34	12	20	2	4
Y551	1	37	12	19	2	3
Y549	1	40	12	18	2	2
Y547	1	43	12	17	2	1
Y545	1	46	12	16	2	0
Y543	1	49	12	15	1	15
Y541	1	52	12	14	1	14
Y539	1	55	12	13	1	13
Y537	1	58	12	12	1	12
Y535	1	61	12	11	1	11
Y533	1	64	12	10	1	10
Y531	1	67	12	9	1	9
Y529	1	70	12	8	1	8
Y527	1	73	12	7	1	7
Y525	1	76	12	6	1	6
Y523	1	79	12	5	1	5
Y521	1	82	12	4	1	4
Y519	1	85	12	3	1	3
Y517	1	88	12	2	1	2
Y515	1	91	12	1	1	1
Y513	1	94	12	0	1	0
Y511	2	1	12	79	5	15
Y509	2	4	12	78	5	14
Y507	2	7	12	77	5	13
Y505	2	10	12	76	5	12
Y503	2	13	12	75	5	11
Y501	2	16	12	74	5	10
Y499	2	19	12	73	5	9
Y497	2	22	12	72	5	8
Y495	2	25	12	71	5	7
Y493	2	28	12	70	5	6
Y491	2	31	12	69	5	5
Y489	2	34	12	68	5	4
Y487	2	37	12	67	5	3
Y485	2	40	12	66	5	2
Y483	2	43	12	65	5	1
Y481	2	46	12	64	5	0
Y479	2	49	12	95	6	15
Y477	2	52	12	94	6	14
Y475	2	55	12	93	6	13
Y473	2	58	12	92	6	12
Y471	2	61	12	91	6	11
Y469	2	64	12	90	6	10
Y467	2	67	12	89	6	9
Y465	2	70	12	88	6	8
Y463	2	73	12	87	6	7
Y461	2	76	12	86	6	6
Y459	2	79	12	85	6	5
Y457	2	82	12	84	6	4
Y455	2	85	12	83	6	3
Y453	2	88	12	82	6	2
Y451	2	91	12	81	6	1
Y449	2	94	12	80	6	0
Y576	1	3	12	48	4	0
Y574	1	6	12	49	4	1
Y572	1	9	12	50	4	2
Y570	1	12	12	51	4	3
Y568	1	15	12	52	4	4
Y566	1	18	12	53	4	5
Y564	1	21	12	54	4	6
Y562	1	24	12	55	4	7
Y560	1	27	12	56	4	8
Y558	1	30	12	57	4	9
Y556	1	33	12	58	4	10
Y554	1	36	12	59	4	11
Y552	1	39	12	60	4	12
Y550	1	42	12	61	4	13
Y548	1	45	12	62	4	14
Y546	1	48	12	63	4	15
Y544	1	51	12	32	3	0
Y542	1	54	12	33	3	1
Y540	1	57	12	34	3	2
Y538	1	60	12	35	3	3
Y536	1	63	12	36	3	4
Y534	1	66	12	37	3	5
Y532	1	69	12	38	3	6
Y530	1	72	12	39	3	7
Y528	1	75	12	40	3	8
Y526	1	78	12	41	3	9
Y524	1	81	12	42	3	10
Y522	1	84	12	43	3	11
Y520	1	87	12	44	3	12
Y518	1	90	12	45	3	13
Y516	1	93	12	46	3	14
Y514	1	96	12	47	3	15
Y512	2	3	12	96	7	0
Y510	2	6	12	97	7	1
Y508	2	9	12	98	7	2
Y506	2	12	12	99	7	3
Y504	2	15	12	100	7	4
Y502	2	18	12	101	7	5
Y500	2	21	12	102	7	6
Y498	2	24	12	103	7	7
Y496	2	27	12	104	7	8
Y494	2	30	12	105	7	9
Y492	2	33	12	106	7	10
Y490	2	36	12	107	7	11
Y488	2	39	12	108	7	12
Y486	2	42	12	109	7	13
Y484	2	45	12	110	7	14
Y482	2	48	12	111	7	15
Y480	2	51	12	112	8	0
Y478	2	54	12	113	8	1
Y476	2	57	12	114	8	2
Y474	2	60	12	115	8	3
Y472	2	63	12	116	8	4
Y470	2	66	12	117	8	5
Y468	2	69	12	118	8	6
Y466	2	72	12	119	8	7
Y464	2	75	12	120	8	8
Y462	2	78	12	121	8	9
Y460	2	81	12	122	8	10
Y458	2	84	12	123	8	11
Y456	2	87	12	124	8	12
Y454	2	90	12	125	8	13
Y452	2	93	12	126	8	14
Y450	2	96	12	127	8	15
Y447	1	1	13	31	2	15
Y445	1	4	13	30	2	14
Y443	1	7	13	29	2	13
Y441	1	10	13	28	2	12
Y439	1	13	13	27	2	11
Y437	1	16	13	26	2	10
Y435	1	19	13	25	2	9
Y433	1	22	13	24	2	8
Y431	1	25	13	23	2	7
Y429	1	28	13	22	2	6
Y427	1	31	13	21	2	5
Y425	1	34	13	20	2	4
Y423	1	37	13	19	2	3
Y421	1	40	13	18	2	2
Y419	1	43	13	17	2	1
Y417	1	46	13	16	2	0
Y415	1	49	13	15	1	15
Y413	1	52	13	14	1	14
Y411	1	55	13	13	1	13
Y409	1	58	13	12	1	12
Y407	1	61	13	11	1	11
Y405	1	64	13	10	1	10
Y403	1	67	13	9	1	9
Y401	1	70	13	8	1	8
Y399	1	73	13	7	1	7
Y397	1	76	13	6	1	6
Y395	1	79	13	5	1	5
Y393	1	82	13	4	1	4
Y391	1	85	13	3	1	3
Y389	1	88	13	2	1	2
Y387	1	91	13	1	1	1
Y385	1	94	13	0	1	0
Y383	2	1	13	79	5	15
Y381	2	4	13	78	5	14
Y379	2	7	13	77	5	13
Y377	2	10	13	76	5	12
Y375	2	13	13	75	5	11
Y373	2	16	13	74	5	10
Y371	2	19	13	73	5	9
Y369	2	22	13	72	5	8
Y367	2	25	13	71	5	7
Y365	2	28	13	70	5	6
Y363	2	31	13	69	5	5
Y361	2	34	13	68	5	4
Y359	2	37	13	67	5	3
Y357	2	40	13	66	5	2
Y355	2	43	13	65	5	1
Y353	2	46	13	64	5	0
Y351	2	49	13	95	6	15
Y349	2	52	13	94	6	14
Y347	2	55	13	93	6	13
Y345	2	58	13	92	6	12
Y343	2	61	13	91	6	11
Y341	2	64	13	90	6	10
Y339	2	67	13	89	6	9
Y337	2	70	13	88	6	8
Y335	2	73	13	87	6	7
Y333	2	76	13	86	6	6
Y331	2	79	13	85	6	5
Y329	2	82	13	84	6	4
Y327	2	85	13	83	6	3
Y325	2	88	13	82	6	2
Y323	2	91	13	81	6	1
Y321	2	94	13	80	6	0
Y448	1	3	13	48	4	0
Y446	1	6	13	49	4	1
Y444	1	9	13	50	4	2
Y442	1	12	13	51	4	3
Y440	1	15	13	52	4	4
Y438	1	18	13	53	4	5
Y436	1	21	13	54	4	6
Y434	1	24	13	55	4	7
Y432	1	27	13	56	4	8
Y430	1	30	13	57	4	9
Y428	1	33	13	58	4	10
Y426	1	36	13	59	4	11
Y424	1	39	13	60	4	12
Y422	1	42	13	61	4	13
Y420	1	45	13	62	4	14
Y418	1	48	13	63	4	15
Y416	1	51	13	32	3	0
Y414	1	54	13	33	3	1
Y412	1	57	13	34	3	2
Y410	1	60	13	35	3	3
Y408	1	63	13	36	3	4
Y406	1	66	13	37	3	5
Y404	1	69	13	38	3	6
Y402	1	72	13	39	3	7
Y400	1	75	13	40	3	8
Y398	1	78	13	41	3	9
Y396	1	81	13	42	3	10
Y394	1	84	13	43	3	11
Y392	1	87	13	44	3	12
Y390	1	90	13	45	3	13
Y388	1	93	13	46	3	14
Y386	1	96	13	47	3	15
Y384	2	3	13	96	7	0
Y382	2	6	13	97	7	1
Y380	2	9	13	98	7	2
Y378	2	12	13	99	7	3
Y376	2	15	13	100	7	4
Y374	2	18	13	101	7	5
Y372	2	21	13	102	7	6
Y370	2	24	13	103	7	7
Y368	2	27	13	104	7	8
Y366	2	30	13	105	7	9
Y364	2	33	13	106	7	10
Y362	2	36	13	107	7	11
Y360	2	39	13	108	7	12
Y358	2	42	13	109	7	13
Y356	2	45	13	110	7	14
Y354	2	48	13	111	7	15
Y352	2	51	13	112	8	0
Y350	2	54	13	113	8	1
Y348	2	57	13	114	8	2
Y346	2	60	13	115	8	3
Y344	2	63	13	116	8	4
Y342	2	66	13	117	8	5
Y340	2	69	13	118	8	6
Y338	2	72	13	119	8	7
Y336	2	75	13	120	8	8
Y334	2	78	13	121	8	9
Y332	2	81	13	122	8	10
Y330	2	84	13	123	8	11
Y328	2	87	13	124	8	12
Y326	2	90	13	125	8	13
Y324	2	93	13	126	8	14
Y322	2	96	13	127	8	15
