1305 144
1303 145
1301 146
1299 147
1297 148
1296 149
1295 150
1294 151
1292 152
1290 153
1288 154
1286 155
1284 156
1282 157
1280 158
1359 159
1357 160
1355 161
1353 162
1351 163
1349 164
1347 165
1345 166
1344 167
1375 168
1374 169
1372 170
1370 171
1368 172
1366 173
1364 174
1362 175
1360 176
1439 177
1437 178
1435 179
1433 180
1431 181
1429 182
1427 183
1425 184
1424 185
1423 186
1422 187
1420 188
1418 189
1416 190
1414 191
1412 192
1410 193
1408 194
1487 195
1485 196
1483 197
1481 198
1479 199
1477 200
1475 201
1473 202
1472 203
1503 204
1502 205
1500 206
1498 207
1496 208
1494 209
1492 210
1490 211
1488 212
1055 213
1053 214
1051 215
1049 216
1047 217
1045 218
1043 219
1041 220
1040 221
1039 222
1038 223
1036 224
1034 225
1032 226
1030 227
1028 228
1026 229
1024 230
1103 231
1101 232
1099 233
1097 234
1095 235
1093 236
1091 237
1089 238
1088 239
1119 240
1118 241
1116 242
1114 243
1112 244
1110 245
1108 246
1106 247
1104 248
1183 249
1181 250
1179 251
1177 252
1175 253
1173 254
1171 255
1169 256
1168 257
1167 258
1166 259
1164 260
1162 261
1160 262
1158 263
1156 264
1154 265
1152 266
1231 267
1229 268
1227 269
1225 270
1223 271
1221 272
1219 273
1217 274
1216 275
1247 276
1246 277
1244 278
1242 279
1240 280
1238 281
1236 282
1234 283
1232 284
1311 285
1309 286
1307 287
1495 0
1497 1
1499 2
1501 3
1520 4
1519 5
1474 6
1476 7
1478 8
1480 9
1482 10
1484 11
1486 12
1504 13
1455 14
1409 15
1411 16
1413 17
1415 18
1417 19
1419 20
1421 21
1440 22
1471 23
1426 24
1428 25
1430 26
1432 27
1434 28
1436 29
1438 30
1456 31
1407 32
1361 33
1363 34
1365 35
1367 36
1369 37
1371 38
1373 39
1392 40
1391 41
1346 42
1348 43
1350 44
1352 45
1354 46
1356 47
1358 48
1376 49
1327 50
1281 51
1283 52
1285 53
1287 54
1289 55
1291 56
1293 57
1312 58
1343 59
1298 60
1300 61
1302 62
1304 63
1306 64
1308 65
1310 66
1328 67
1279 68
1233 69
1235 70
1237 71
1239 72
1241 73
1243 74
1245 75
1264 76
1263 77
1218 78
1220 79
1222 80
1224 81
1226 82
1228 83
1230 84
1248 85
1199 86
1153 87
1155 88
1157 89
1159 90
1161 91
1163 92
1165 93
1184 94
1215 95
1170 96
1172 97
1174 98
1176 99
1178 100
1180 101
1182 102
1200 103
1151 104
1105 105
1107 106
1109 107
1111 108
1113 109
1115 110
1117 111
1136 112
1135 113
1090 114
1092 115
1094 116
1096 117
1098 118
1100 119
1102 120
1120 121
1071 122
1025 123
1027 124
1029 125
1031 126
1033 127
1035 128
1037 129
1056 130
1087 131
1042 132
1044 133
1046 134
1048 135
1050 136
1052 137
1054 138
1072 139
1535 140
1489 141
1491 142
1493 143
1534 288
1533 289
1532 290
1531 291
1530 292
1529 293
1528 294
1527 295
1526 296
1525 297
1524 298
1523 299
1522 300
1521 301
1518 302
1517 303
1516 304
1515 305
1514 306
1513 307
1512 308
1511 309
1510 310
1509 311
1508 312
1507 313
1506 314
1505 315
1454 316
1453 317
1452 318
1451 319
1450 320
1449 321
1448 322
1447 323
1446 324
1445 325
1444 326
1443 327
1442 328
1441 329
1470 330
1469 331
1468 332
1467 333
1466 334
1465 335
1464 336
1463 337
1462 338
1461 339
1460 340
1459 341
1458 342
1457 343
1406 344
1405 345
1404 346
1403 347
1402 348
1401 349
1400 350
1399 351
1398 352
1397 353
1396 354
1395 355
1394 356
1393 357
1390 358
1389 359
1388 360
1387 361
1386 362
1385 363
1384 364
1383 365
1382 366
1381 367
1380 368
1379 369
1378 370
1377 371
1326 372
1325 373
1324 374
1323 375
1322 376
1321 377
1320 378
1319 379
1318 380
1317 381
1316 382
1315 383
1314 384
1313 385
1342 386
1341 387
1340 388
1339 389
1338 390
1337 391
1336 392
1335 393
1334 394
1333 395
1332 396
1331 397
1330 398
1329 399
1073 400
1074 401
1075 402
1076 403
1077 404
1078 405
1079 406
1080 407
1081 408
1082 409
1083 410
1084 411
1085 412
1086 413
1057 414
1058 415
1059 416
1060 417
1061 418
1062 419
1063 420
1064 421
1065 422
1066 423
1067 424
1068 425
1069 426
1070 427
1121 428
1122 429
1123 430
1124 431
1125 432
1126 433
1127 434
1128 435
1129 436
1130 437
1131 438
1132 439
1133 440
1134 441
1137 442
1138 443
1139 444
1140 445
1141 446
1142 447
1143 448
1144 449
1145 450
1146 451
1147 452
1148 453
1149 454
1150 455
1201 456
1202 457
1203 458
1204 459
1205 460
1206 461
1207 462
1208 463
1209 464
1210 465
1211 466
1212 467
1213 468
1214 469
1185 470
1186 471
1187 472
1188 473
1189 474
1190 475
1191 476
1192 477
1193 478
1194 479
1195 480
1196 481
1197 482
1198 483
1249 484
1250 485
1251 486
1252 487
1253 488
1254 489
1255 490
1256 491
1257 492
1258 493
1259 494
1260 495
1261 496
1262 497
1265 498
1266 499
1267 500
1268 501
1269 502
1270 503
1271 504
1272 505
1273 506
1274 507
1275 508
1276 509
1277 510
1278 511
1932 699
1934 698
1935 697
1936 696
1937 695
1939 694
1941 693
1943 692
1945 691
1947 690
1949 689
1951 688
1872 687
1874 686
1876 685
1878 684
1880 683
1882 682
1884 681
1886 680
1887 679
1856 678
1857 677
1859 676
1861 675
1863 674
1865 673
1867 672
1869 671
1871 670
1792 669
1794 668
1796 667
1798 666
1800 665
1802 664
1804 663
1806 662
1807 661
1808 660
1809 659
1811 658
1813 657
1815 656
1817 799
1819 798
1821 797
1823 796
1744 795
1746 794
1748 793
1750 792
1752 791
1754 790
1756 789
1758 788
1759 787
1728 786
1729 785
1731 784
1733 783
1735 782
1737 781
1739 780
1741 779
1743 778
1664 777
1666 776
1668 775
1670 774
1672 773
1674 772
1676 771
1678 770
1679 769
1680 768
1681 767
1683 766
1685 765
1687 764
1689 763
1691 762
1693 761
1695 760
1616 759
1618 758
1620 757
1622 756
1624 755
1626 754
1628 753
1630 752
1631 751
1600 750
1601 749
1603 748
1605 747
1607 746
1609 745
1611 744
1613 743
1615 742
1536 741
1538 740
1540 739
1542 738
1544 737
1546 736
1548 735
1550 734
1551 733
1552 732
1553 731
1555 730
1557 729
1559 728
1561 727
1563 726
1565 725
1567 724
2000 723
2002 722
2004 721
2006 720
2008 719
2010 718
2012 717
2014 716
2015 715
1984 714
1985 713
1987 712
1989 711
1991 710
1993 709
1995 708
1997 707
1999 706
1920 705
1922 704
1924 703
1926 702
1928 701
1930 700
2007 655
2005 654
2003 653
2001 652
2047 651
1584 650
1566 649
1564 648
1562 647
1560 646
1558 645
1556 644
1554 643
1599 642
1568 641
1549 640
1547 639
1545 638
1543 637
1541 636
1539 635
1537 634
1583 633
1632 632
1614 631
1612 630
1610 629
1608 628
1606 627
1604 626
1602 625
1647 624
1648 623
1629 622
1627 621
1625 620
1623 619
1621 618
1619 617
1617 616
1663 615
1712 614
1694 613
1692 612
1690 611
1688 610
1686 609
1684 608
1682 607
1727 606
1696 605
1677 604
1675 603
1673 602
1671 601
1669 600
1667 599
1665 598
1711 597
1760 596
1742 595
1740 594
1738 593
1736 592
1734 591
1732 590
1730 589
1775 588
1776 587
1757 586
1755 585
1753 584
1751 583
1749 582
1747 581
1745 580
1791 579
1840 578
1822 577
1820 576
1818 575
1816 574
1814 573
1812 572
1810 571
1855 570
1824 569
1805 568
1803 567
1801 566
1799 565
1797 564
1795 563
1793 562
1839 561
1888 560
1870 559
1868 558
1866 557
1864 556
1862 555
1860 554
1858 553
1903 552
1904 551
1885 550
1883 549
1881 548
1879 547
1877 546
1875 545
1873 544
1919 543
1968 542
1950 541
1948 540
1946 539
1944 538
1942 537
1940 536
1938 535
1983 534
1952 533
1933 532
1931 531
1929 530
1927 529
1925 528
1923 527
1921 526
1967 525
2016 524
1998 523
1996 522
1994 521
1992 520
1990 519
1988 518
1986 517
2031 516
2032 515
2013 514
2011 513
2009 512
1841 800
1842 801
1843 802
1844 803
1845 804
1846 805
1847 806
1848 807
1849 808
1850 809
1851 810
1852 811
1853 812
1854 813
1825 814
1826 815
1827 816
1828 817
1829 818
1830 819
1831 820
1832 821
1833 822
1834 823
1835 824
1836 825
1837 826
1838 827
1889 828
1890 829
1891 830
1892 831
1893 832
1894 833
1895 834
1896 835
1897 836
1898 837
1899 838
1900 839
1901 840
1902 841
1905 842
1906 843
1907 844
1908 845
1909 846
1910 847
1911 848
1912 849
1913 850
1914 851
1915 852
1916 853
1917 854
1918 855
1969 856
1970 857
1971 858
1972 859
1973 860
1974 861
1975 862
1976 863
1977 864
1978 865
1979 866
1980 867
1981 868
1982 869
1953 870
1954 871
1955 872
1956 873
1957 874
1958 875
1959 876
1960 877
1961 878
1962 879
1963 880
1964 881
1965 882
1966 883
2017 884
2018 885
2019 886
2020 887
2021 888
2022 889
2023 890
2024 891
2025 892
2026 893
2027 894
2028 895
2029 896
2030 897
2033 898
2034 899
2035 900
2036 901
2037 902
2038 903
2039 904
2040 905
2041 906
2042 907
2043 908
2044 909
2045 910
2046 911
1790 912
1789 913
1788 914
1787 915
1786 916
1785 917
1784 918
1783 919
1782 920
1781 921
1780 922
1779 923
1778 924
1777 925
1774 926
1773 927
1772 928
1771 929
1770 930
1769 931
1768 932
1767 933
1766 934
1765 935
1764 936
1763 937
1762 938
1761 939
1710 940
1709 941
1708 942
1707 943
1706 944
1705 945
1704 946
1703 947
1702 948
1701 949
1700 950
1699 951
1698 952
1697 953
1726 954
1725 955
1724 956
1723 957
1722 958
1721 959
1720 960
1719 961
1718 962
1717 963
1716 964
1715 965
1714 966
1713 967
1662 968
1661 969
1660 970
1659 971
1658 972
1657 973
1656 974
1655 975
1654 976
1653 977
1652 978
1651 979
1650 980
1649 981
1646 982
1645 983
1644 984
1643 985
1642 986
1641 987
1640 988
1639 989
1638 990
1637 991
1636 992
1635 993
1634 994
1633 995
1582 996
1581 997
1580 998
1579 999
1578 1000
1577 1001
1576 1002
1575 1003
1574 1004
1573 1005
1572 1006
1571 1007
1570 1008
1569 1009
1598 1010
1597 1011
1596 1012
1595 1013
1594 1014
1593 1015
1592 1016
1591 1017
1590 1018
1589 1019
1588 1020
1587 1021
1586 1022
1585 1023
793 1168
791 1169
789 1170
787 1171
785 1172
784 1173
783 1174
782 1175
780 1176
778 1177
776 1178
774 1179
772 1180
770 1181
768 1182
847 1183
845 1184
843 1185
841 1186
839 1187
837 1188
835 1189
833 1190
832 1191
863 1192
862 1193
860 1194
858 1195
856 1196
854 1197
852 1198
850 1199
848 1200
927 1201
925 1202
923 1203
921 1204
919 1205
917 1206
915 1207
913 1208
912 1209
911 1210
910 1211
908 1212
906 1213
904 1214
902 1215
900 1216
898 1217
896 1218
975 1219
973 1220
971 1221
969 1222
967 1223
965 1224
963 1225
961 1226
960 1227
991 1228
990 1229
988 1230
986 1231
984 1232
982 1233
980 1234
978 1235
976 1236
543 1237
541 1238
539 1239
537 1240
535 1241
533 1242
531 1243
529 1244
528 1245
527 1246
526 1247
524 1248
522 1249
520 1250
518 1251
516 1252
514 1253
512 1254
591 1255
589 1256
587 1257
585 1258
583 1259
581 1260
579 1261
577 1262
576 1263
607 1264
606 1265
604 1266
602 1267
600 1268
598 1269
596 1270
594 1271
592 1272
671 1273
669 1274
667 1275
665 1276
663 1277
661 1278
659 1279
657 1280
656 1281
655 1282
654 1283
652 1284
650 1285
648 1286
646 1287
644 1288
642 1289
640 1290
719 1291
717 1292
715 1293
713 1294
711 1295
709 1296
707 1297
705 1298
704 1299
735 1300
734 1301
732 1302
730 1303
728 1304
726 1305
724 1306
722 1307
720 1308
799 1309
797 1310
795 1311
983 1024
985 1025
987 1026
989 1027
1008 1028
1007 1029
962 1030
964 1031
966 1032
968 1033
970 1034
972 1035
974 1036
992 1037
943 1038
897 1039
899 1040
901 1041
903 1042
905 1043
907 1044
909 1045
928 1046
959 1047
914 1048
916 1049
918 1050
920 1051
922 1052
924 1053
926 1054
944 1055
895 1056
849 1057
851 1058
853 1059
855 1060
857 1061
859 1062
861 1063
880 1064
879 1065
834 1066
836 1067
838 1068
840 1069
842 1070
844 1071
846 1072
864 1073
815 1074
769 1075
771 1076
773 1077
775 1078
777 1079
779 1080
781 1081
800 1082
831 1083
786 1084
788 1085
790 1086
792 1087
794 1088
796 1089
798 1090
816 1091
767 1092
721 1093
723 1094
725 1095
727 1096
729 1097
731 1098
733 1099
752 1100
751 1101
706 1102
708 1103
710 1104
712 1105
714 1106
716 1107
718 1108
736 1109
687 1110
641 1111
643 1112
645 1113
647 1114
649 1115
651 1116
653 1117
672 1118
703 1119
658 1120
660 1121
662 1122
664 1123
666 1124
668 1125
670 1126
688 1127
639 1128
593 1129
595 1130
597 1131
599 1132
601 1133
603 1134
605 1135
624 1136
623 1137
578 1138
580 1139
582 1140
584 1141
586 1142
588 1143
590 1144
608 1145
559 1146
513 1147
515 1148
517 1149
519 1150
521 1151
523 1152
525 1153
544 1154
575 1155
530 1156
532 1157
534 1158
536 1159
538 1160
540 1161
542 1162
560 1163
1023 1164
977 1165
979 1166
981 1167
1022 1312
1021 1313
1020 1314
1019 1315
1018 1316
1017 1317
1016 1318
1015 1319
1014 1320
1013 1321
1012 1322
1011 1323
1010 1324
1009 1325
1006 1326
1005 1327
1004 1328
1003 1329
1002 1330
1001 1331
1000 1332
999 1333
998 1334
997 1335
996 1336
995 1337
994 1338
993 1339
942 1340
941 1341
940 1342
939 1343
938 1344
937 1345
936 1346
935 1347
934 1348
933 1349
932 1350
931 1351
930 1352
929 1353
958 1354
957 1355
956 1356
955 1357
954 1358
953 1359
952 1360
951 1361
950 1362
949 1363
948 1364
947 1365
946 1366
945 1367
894 1368
893 1369
892 1370
891 1371
890 1372
889 1373
888 1374
887 1375
886 1376
885 1377
884 1378
883 1379
882 1380
881 1381
878 1382
877 1383
876 1384
875 1385
874 1386
873 1387
872 1388
871 1389
870 1390
869 1391
868 1392
867 1393
866 1394
865 1395
814 1396
813 1397
812 1398
811 1399
810 1400
809 1401
808 1402
807 1403
806 1404
805 1405
804 1406
803 1407
802 1408
801 1409
830 1410
829 1411
828 1412
827 1413
826 1414
825 1415
824 1416
823 1417
822 1418
821 1419
820 1420
819 1421
818 1422
817 1423
561 1424
562 1425
563 1426
564 1427
565 1428
566 1429
567 1430
568 1431
569 1432
570 1433
571 1434
572 1435
573 1436
574 1437
545 1438
546 1439
547 1440
548 1441
549 1442
550 1443
551 1444
552 1445
553 1446
554 1447
555 1448
556 1449
557 1450
558 1451
609 1452
610 1453
611 1454
612 1455
613 1456
614 1457
615 1458
616 1459
617 1460
618 1461
619 1462
620 1463
621 1464
622 1465
625 1466
626 1467
627 1468
628 1469
629 1470
630 1471
631 1472
632 1473
633 1474
634 1475
635 1476
636 1477
637 1478
638 1479
689 1480
690 1481
691 1482
692 1483
693 1484
694 1485
695 1486
696 1487
697 1488
698 1489
699 1490
700 1491
701 1492
702 1493
673 1494
674 1495
675 1496
676 1497
677 1498
678 1499
679 1500
680 1501
681 1502
682 1503
683 1504
684 1505
685 1506
686 1507
737 1508
738 1509
739 1510
740 1511
741 1512
742 1513
743 1514
744 1515
745 1516
746 1517
747 1518
748 1519
749 1520
750 1521
753 1522
754 1523
755 1524
756 1525
757 1526
758 1527
759 1528
760 1529
761 1530
762 1531
763 1532
764 1533
765 1534
766 1535
281 1680
279 1681
277 1682
275 1683
273 1684
272 1685
271 1686
270 1687
268 1688
266 1689
264 1690
262 1691
260 1692
258 1693
256 1694
335 1695
333 1696
331 1697
329 1698
327 1699
325 1700
323 1701
321 1702
320 1703
351 1704
350 1705
348 1706
346 1707
344 1708
342 1709
340 1710
338 1711
336 1712
415 1713
413 1714
411 1715
409 1716
407 1717
405 1718
403 1719
401 1720
400 1721
399 1722
398 1723
396 1724
394 1725
392 1726
390 1727
388 1728
386 1729
384 1730
463 1731
461 1732
459 1733
457 1734
455 1735
453 1736
451 1737
449 1738
448 1739
479 1740
478 1741
476 1742
474 1743
472 1744
470 1745
468 1746
466 1747
464 1748
31 1749
29 1750
27 1751
25 1752
23 1753
21 1754
19 1755
17 1756
16 1757
15 1758
14 1759
12 1760
10 1761
8 1762
6 1763
4 1764
2 1765
0 1766
79 1767
77 1768
75 1769
73 1770
71 1771
69 1772
67 1773
65 1774
64 1775
95 1776
94 1777
92 1778
90 1779
88 1780
86 1781
84 1782
82 1783
80 1784
159 1785
157 1786
155 1787
153 1788
151 1789
149 1790
147 1791
145 1792
144 1793
143 1794
142 1795
140 1796
138 1797
136 1798
134 1799
132 1800
130 1801
128 1802
207 1803
205 1804
203 1805
201 1806
199 1807
197 1808
195 1809
193 1810
192 1811
223 1812
222 1813
220 1814
218 1815
216 1816
214 1817
212 1818
210 1819
208 1820
287 1821
285 1822
283 1823
471 1536
473 1537
475 1538
477 1539
496 1540
495 1541
450 1542
452 1543
454 1544
456 1545
458 1546
460 1547
462 1548
480 1549
431 1550
385 1551
387 1552
389 1553
391 1554
393 1555
395 1556
397 1557
416 1558
447 1559
402 1560
404 1561
406 1562
408 1563
410 1564
412 1565
414 1566
432 1567
383 1568
337 1569
339 1570
341 1571
343 1572
345 1573
347 1574
349 1575
368 1576
367 1577
322 1578
324 1579
326 1580
328 1581
330 1582
332 1583
334 1584
352 1585
303 1586
257 1587
259 1588
261 1589
263 1590
265 1591
267 1592
269 1593
288 1594
319 1595
274 1596
276 1597
278 1598
280 1599
282 1600
284 1601
286 1602
304 1603
255 1604
209 1605
211 1606
213 1607
215 1608
217 1609
219 1610
221 1611
240 1612
239 1613
194 1614
196 1615
198 1616
200 1617
202 1618
204 1619
206 1620
224 1621
175 1622
129 1623
131 1624
133 1625
135 1626
137 1627
139 1628
141 1629
160 1630
191 1631
146 1632
148 1633
150 1634
152 1635
154 1636
156 1637
158 1638
176 1639
127 1640
81 1641
83 1642
85 1643
87 1644
89 1645
91 1646
93 1647
112 1648
111 1649
66 1650
68 1651
70 1652
72 1653
74 1654
76 1655
78 1656
96 1657
47 1658
1 1659
3 1660
5 1661
7 1662
9 1663
11 1664
13 1665
32 1666
63 1667
18 1668
20 1669
22 1670
24 1671
26 1672
28 1673
30 1674
48 1675
511 1676
465 1677
467 1678
469 1679
510 1824
509 1825
508 1826
507 1827
506 1828
505 1829
504 1830
503 1831
502 1832
501 1833
500 1834
499 1835
498 1836
497 1837
494 1838
493 1839
492 1840
491 1841
490 1842
489 1843
488 1844
487 1845
486 1846
485 1847
484 1848
483 1849
482 1850
481 1851
430 1852
429 1853
428 1854
427 1855
426 1856
425 1857
424 1858
423 1859
422 1860
421 1861
420 1862
419 1863
418 1864
417 1865
446 1866
445 1867
444 1868
443 1869
442 1870
441 1871
440 1872
439 1873
438 1874
437 1875
436 1876
435 1877
434 1878
433 1879
382 1880
381 1881
380 1882
379 1883
378 1884
377 1885
376 1886
375 1887
374 1888
373 1889
372 1890
371 1891
370 1892
369 1893
366 1894
365 1895
364 1896
363 1897
362 1898
361 1899
360 1900
359 1901
358 1902
357 1903
356 1904
355 1905
354 1906
353 1907
302 1908
301 1909
300 1910
299 1911
298 1912
297 1913
296 1914
295 1915
294 1916
293 1917
292 1918
291 1919
290 1920
289 1921
318 1922
317 1923
316 1924
315 1925
314 1926
313 1927
312 1928
311 1929
310 1930
309 1931
308 1932
307 1933
306 1934
305 1935
49 1936
50 1937
51 1938
52 1939
53 1940
54 1941
55 1942
56 1943
57 1944
58 1945
59 1946
60 1947
61 1948
62 1949
33 1950
34 1951
35 1952
36 1953
37 1954
38 1955
39 1956
40 1957
41 1958
42 1959
43 1960
44 1961
45 1962
46 1963
97 1964
98 1965
99 1966
100 1967
101 1968
102 1969
103 1970
104 1971
105 1972
106 1973
107 1974
108 1975
109 1976
110 1977
113 1978
114 1979
115 1980
116 1981
117 1982
118 1983
119 1984
120 1985
121 1986
122 1987
123 1988
124 1989
125 1990
126 1991
177 1992
178 1993
179 1994
180 1995
181 1996
182 1997
183 1998
184 1999
185 2000
186 2001
187 2002
188 2003
189 2004
190 2005
161 2006
162 2007
163 2008
164 2009
165 2010
166 2011
167 2012
168 2013
169 2014
170 2015
171 2016
172 2017
173 2018
174 2019
225 2020
226 2021
227 2022
228 2023
229 2024
230 2025
231 2026
232 2027
233 2028
234 2029
235 2030
236 2031
237 2032
238 2033
241 2034
242 2035
243 2036
244 2037
245 2038
246 2039
247 2040
248 2041
249 2042
250 2043
251 2044
252 2045
253 2046
254 2047