channel, mean, rms, meanerr, rmserr, tv
    0, 750.00, 5.00, 0., 0., 1
    1, 750.00, 5.00, 0., 0., 1
    2, 750.00, 5.00, 0., 0., 1
    3, 750.00, 5.00, 0., 0., 1
    4, 750.00, 5.00, 0., 0., 1
    5, 750.00, 5.00, 0., 0., 1
    6, 750.00, 5.00, 0., 0., 1
    7, 750.00, 5.00, 0., 0., 1
    8, 750.00, 5.00, 0., 0., 1
    9, 750.00, 5.00, 0., 0., 1
   10, 750.00, 5.00, 0., 0., 1
   11, 750.00, 5.00, 0., 0., 1
   12, 750.00, 5.00, 0., 0., 1
   13, 750.00, 5.00, 0., 0., 1
   14, 750.00, 5.00, 0., 0., 1
   15, 750.00, 5.00, 0., 0., 1
   16, 750.00, 5.00, 0., 0., 1
   17, 750.00, 5.00, 0., 0., 1
   18, 750.00, 5.00, 0., 0., 1
   19, 750.00, 5.00, 0., 0., 1
   20, 750.00, 5.00, 0., 0., 1
   21, 750.00, 5.00, 0., 0., 1
   22, 750.00, 5.00, 0., 0., 1
   23, 750.00, 5.00, 0., 0., 1
   24, 750.00, 5.00, 0., 0., 1
   25, 750.00, 5.00, 0., 0., 1
   26, 750.00, 5.00, 0., 0., 1
   27, 750.00, 5.00, 0., 0., 1
   28, 750.00, 5.00, 0., 0., 1
   29, 750.00, 5.00, 0., 0., 1
   30, 750.00, 5.00, 0., 0., 1
   31, 750.00, 5.00, 0., 0., 1
   32, 750.00, 5.00, 0., 0., 1
   33, 750.00, 5.00, 0., 0., 1
   34, 750.00, 5.00, 0., 0., 1
   35, 750.00, 5.00, 0., 0., 1
   36, 750.00, 5.00, 0., 0., 1
   37, 750.00, 5.00, 0., 0., 1
   38, 750.00, 5.00, 0., 0., 1
   39, 750.00, 5.00, 0., 0., 1
   40, 750.00, 5.00, 0., 0., 1
   41, 750.00, 5.00, 0., 0., 1
   42, 750.00, 5.00, 0., 0., 1
   43, 750.00, 5.00, 0., 0., 1
   44, 750.00, 5.00, 0., 0., 1
   45, 750.00, 5.00, 0., 0., 1
   46, 750.00, 5.00, 0., 0., 1
   47, 750.00, 5.00, 0., 0., 1
   48, 750.00, 5.00, 0., 0., 1
   49, 750.00, 5.00, 0., 0., 1
   50, 750.00, 5.00, 0., 0., 1
   51, 750.00, 5.00, 0., 0., 1
   52, 750.00, 5.00, 0., 0., 1
   53, 750.00, 5.00, 0., 0., 1
   54, 750.00, 5.00, 0., 0., 1
   55, 750.00, 5.00, 0., 0., 1
   56, 750.00, 5.00, 0., 0., 1
   57, 750.00, 5.00, 0., 0., 1
   58, 750.00, 5.00, 0., 0., 1
   59, 750.00, 5.00, 0., 0., 1
   60, 750.00, 5.00, 0., 0., 1
   61, 750.00, 5.00, 0., 0., 1
   62, 750.00, 5.00, 0., 0., 1
   63, 750.00, 5.00, 0., 0., 1
   64, 750.00, 5.00, 0., 0., 1
   65, 750.00, 5.00, 0., 0., 1
   66, 750.00, 5.00, 0., 0., 1
   67, 750.00, 5.00, 0., 0., 1
   68, 750.00, 5.00, 0., 0., 1
   69, 750.00, 5.00, 0., 0., 1
   70, 750.00, 5.00, 0., 0., 1
   71, 750.00, 5.00, 0., 0., 1
   72, 750.00, 5.00, 0., 0., 1
   73, 750.00, 5.00, 0., 0., 1
   74, 750.00, 5.00, 0., 0., 1
   75, 750.00, 5.00, 0., 0., 1
   76, 750.00, 5.00, 0., 0., 1
   77, 750.00, 5.00, 0., 0., 1
   78, 750.00, 5.00, 0., 0., 1
   79, 750.00, 5.00, 0., 0., 1
   80, 750.00, 5.00, 0., 0., 1
   81, 750.00, 5.00, 0., 0., 1
   82, 750.00, 5.00, 0., 0., 1
   83, 750.00, 5.00, 0., 0., 1
   84, 750.00, 5.00, 0., 0., 1
   85, 750.00, 5.00, 0., 0., 1
   86, 750.00, 5.00, 0., 0., 1
   87, 750.00, 5.00, 0., 0., 1
   88, 750.00, 5.00, 0., 0., 1
   89, 750.00, 5.00, 0., 0., 1
   90, 750.00, 5.00, 0., 0., 1
   91, 750.00, 5.00, 0., 0., 1
   92, 750.00, 5.00, 0., 0., 1
   93, 750.00, 5.00, 0., 0., 1
   94, 750.00, 5.00, 0., 0., 1
   95, 750.00, 5.00, 0., 0., 1
   96, 750.00, 5.00, 0., 0., 1
   97, 750.00, 5.00, 0., 0., 1
   98, 750.00, 5.00, 0., 0., 1
   99, 750.00, 5.00, 0., 0., 1
  100, 750.00, 5.00, 0., 0., 1
  101, 750.00, 5.00, 0., 0., 1
  102, 750.00, 5.00, 0., 0., 1
  103, 750.00, 5.00, 0., 0., 1
  104, 750.00, 5.00, 0., 0., 1
  105, 750.00, 5.00, 0., 0., 1
  106, 750.00, 5.00, 0., 0., 1
  107, 750.00, 5.00, 0., 0., 1
  108, 750.00, 5.00, 0., 0., 1
  109, 750.00, 5.00, 0., 0., 1
  110, 750.00, 5.00, 0., 0., 1
  111, 750.00, 5.00, 0., 0., 1
  112, 750.00, 5.00, 0., 0., 1
  113, 750.00, 5.00, 0., 0., 1
  114, 750.00, 5.00, 0., 0., 1
  115, 750.00, 5.00, 0., 0., 1
  116, 750.00, 5.00, 0., 0., 1
  117, 750.00, 5.00, 0., 0., 1
  118, 750.00, 5.00, 0., 0., 1
  119, 750.00, 5.00, 0., 0., 1
  120, 750.00, 5.00, 0., 0., 1
  121, 750.00, 5.00, 0., 0., 1
  122, 750.00, 5.00, 0., 0., 1
  123, 750.00, 5.00, 0., 0., 1
  124, 750.00, 5.00, 0., 0., 1
  125, 750.00, 5.00, 0., 0., 1
  126, 750.00, 5.00, 0., 0., 1
  127, 750.00, 5.00, 0., 0., 1
  128, 750.00, 5.00, 0., 0., 1
  129, 750.00, 5.00, 0., 0., 1
  130, 750.00, 5.00, 0., 0., 1
  131, 750.00, 5.00, 0., 0., 1
  132, 750.00, 5.00, 0., 0., 1
  133, 750.00, 5.00, 0., 0., 1
  134, 750.00, 5.00, 0., 0., 1
  135, 750.00, 5.00, 0., 0., 1
  136, 750.00, 5.00, 0., 0., 1
  137, 750.00, 5.00, 0., 0., 1
  138, 750.00, 5.00, 0., 0., 1
  139, 750.00, 5.00, 0., 0., 1
  140, 750.00, 5.00, 0., 0., 1
  141, 750.00, 5.00, 0., 0., 1
  142, 750.00, 5.00, 0., 0., 1
  143, 750.00, 5.00, 0., 0., 1
  144, 750.00, 5.00, 0., 0., 1
  145, 750.00, 5.00, 0., 0., 1
  146, 750.00, 5.00, 0., 0., 1
  147, 750.00, 5.00, 0., 0., 1
  148, 750.00, 5.00, 0., 0., 1
  149, 750.00, 5.00, 0., 0., 1
  150, 750.00, 5.00, 0., 0., 1
  151, 750.00, 5.00, 0., 0., 1
  152, 750.00, 5.00, 0., 0., 1
  153, 750.00, 5.00, 0., 0., 1
  154, 750.00, 5.00, 0., 0., 1
  155, 750.00, 5.00, 0., 0., 1
  156, 750.00, 5.00, 0., 0., 1
  157, 750.00, 5.00, 0., 0., 1
  158, 750.00, 5.00, 0., 0., 1
  159, 750.00, 5.00, 0., 0., 1
  160, 750.00, 5.00, 0., 0., 1
  161, 750.00, 5.00, 0., 0., 1
  162, 750.00, 5.00, 0., 0., 1
  163, 750.00, 5.00, 0., 0., 1
  164, 750.00, 5.00, 0., 0., 1
  165, 750.00, 5.00, 0., 0., 1
  166, 750.00, 5.00, 0., 0., 1
  167, 750.00, 5.00, 0., 0., 1
  168, 750.00, 5.00, 0., 0., 1
  169, 750.00, 5.00, 0., 0., 1
  170, 750.00, 5.00, 0., 0., 1
  171, 750.00, 5.00, 0., 0., 1
  172, 750.00, 5.00, 0., 0., 1
  173, 750.00, 5.00, 0., 0., 1
  174, 750.00, 5.00, 0., 0., 1
  175, 750.00, 5.00, 0., 0., 1
  176, 750.00, 5.00, 0., 0., 1
  177, 750.00, 5.00, 0., 0., 1
  178, 750.00, 5.00, 0., 0., 1
  179, 750.00, 5.00, 0., 0., 1
  180, 750.00, 5.00, 0., 0., 1
  181, 750.00, 5.00, 0., 0., 1
  182, 750.00, 5.00, 0., 0., 1
  183, 750.00, 5.00, 0., 0., 1
  184, 750.00, 5.00, 0., 0., 1
  185, 750.00, 5.00, 0., 0., 1
  186, 750.00, 5.00, 0., 0., 1
  187, 750.00, 5.00, 0., 0., 1
  188, 750.00, 5.00, 0., 0., 1
  189, 750.00, 5.00, 0., 0., 1
  190, 750.00, 5.00, 0., 0., 1
  191, 750.00, 5.00, 0., 0., 1
  192, 750.00, 5.00, 0., 0., 1
  193, 750.00, 5.00, 0., 0., 1
  194, 750.00, 5.00, 0., 0., 1
  195, 750.00, 5.00, 0., 0., 1
  196, 750.00, 5.00, 0., 0., 1
  197, 750.00, 5.00, 0., 0., 1
  198, 750.00, 5.00, 0., 0., 1
  199, 750.00, 5.00, 0., 0., 1
  200, 750.00, 5.00, 0., 0., 1
  201, 750.00, 5.00, 0., 0., 1
  202, 750.00, 5.00, 0., 0., 1
  203, 750.00, 5.00, 0., 0., 1
  204, 750.00, 5.00, 0., 0., 1
  205, 750.00, 5.00, 0., 0., 1
  206, 750.00, 5.00, 0., 0., 1
  207, 750.00, 5.00, 0., 0., 1
  208, 750.00, 5.00, 0., 0., 1
  209, 750.00, 5.00, 0., 0., 1
  210, 750.00, 5.00, 0., 0., 1
  211, 750.00, 5.00, 0., 0., 1
  212, 750.00, 5.00, 0., 0., 1
  213, 750.00, 5.00, 0., 0., 1
  214, 750.00, 5.00, 0., 0., 1
  215, 750.00, 5.00, 0., 0., 1
  216, 750.00, 5.00, 0., 0., 1
  217, 750.00, 5.00, 0., 0., 1
  218, 750.00, 5.00, 0., 0., 1
  219, 750.00, 5.00, 0., 0., 1
  220, 750.00, 5.00, 0., 0., 1
  221, 750.00, 5.00, 0., 0., 1
  222, 750.00, 5.00, 0., 0., 1
  223, 750.00, 5.00, 0., 0., 1
  224, 750.00, 5.00, 0., 0., 1
  225, 750.00, 5.00, 0., 0., 1
  226, 750.00, 5.00, 0., 0., 1
  227, 750.00, 5.00, 0., 0., 1
  228, 750.00, 5.00, 0., 0., 1
  229, 750.00, 5.00, 0., 0., 1
  230, 750.00, 5.00, 0., 0., 1
  231, 750.00, 5.00, 0., 0., 1
  232, 750.00, 5.00, 0., 0., 1
  233, 750.00, 5.00, 0., 0., 1
  234, 750.00, 5.00, 0., 0., 1
  235, 750.00, 5.00, 0., 0., 1
  236, 750.00, 5.00, 0., 0., 1
  237, 750.00, 5.00, 0., 0., 1
  238, 750.00, 5.00, 0., 0., 1
  239, 750.00, 5.00, 0., 0., 1
  240, 750.00, 5.00, 0., 0., 1
  241, 750.00, 5.00, 0., 0., 1
  242, 750.00, 5.00, 0., 0., 1
  243, 750.00, 5.00, 0., 0., 1
  244, 750.00, 5.00, 0., 0., 1
  245, 750.00, 5.00, 0., 0., 1
  246, 750.00, 5.00, 0., 0., 1
  247, 750.00, 5.00, 0., 0., 1
  248, 750.00, 5.00, 0., 0., 1
  249, 750.00, 5.00, 0., 0., 1
  250, 750.00, 5.00, 0., 0., 1
  251, 750.00, 5.00, 0., 0., 1
  252, 750.00, 5.00, 0., 0., 1
  253, 750.00, 5.00, 0., 0., 1
  254, 750.00, 5.00, 0., 0., 1
  255, 750.00, 5.00, 0., 0., 1
  256, 750.00, 5.00, 0., 0., 1
  257, 750.00, 5.00, 0., 0., 1
  258, 750.00, 5.00, 0., 0., 1
  259, 750.00, 5.00, 0., 0., 1
  260, 750.00, 5.00, 0., 0., 1
  261, 750.00, 5.00, 0., 0., 1
  262, 750.00, 5.00, 0., 0., 1
  263, 750.00, 5.00, 0., 0., 1
  264, 750.00, 5.00, 0., 0., 1
  265, 750.00, 5.00, 0., 0., 1
  266, 750.00, 5.00, 0., 0., 1
  267, 750.00, 5.00, 0., 0., 1
  268, 750.00, 5.00, 0., 0., 1
  269, 750.00, 5.00, 0., 0., 1
  270, 750.00, 5.00, 0., 0., 1
  271, 750.00, 5.00, 0., 0., 1
  272, 750.00, 5.00, 0., 0., 1
  273, 750.00, 5.00, 0., 0., 1
  274, 750.00, 5.00, 0., 0., 1
  275, 750.00, 5.00, 0., 0., 1
  276, 750.00, 5.00, 0., 0., 1
  277, 750.00, 5.00, 0., 0., 1
  278, 750.00, 5.00, 0., 0., 1
  279, 750.00, 5.00, 0., 0., 1
  280, 750.00, 5.00, 0., 0., 1
  281, 750.00, 5.00, 0., 0., 1
  282, 750.00, 5.00, 0., 0., 1
  283, 750.00, 5.00, 0., 0., 1
  284, 750.00, 5.00, 0., 0., 1
  285, 750.00, 5.00, 0., 0., 1
  286, 750.00, 5.00, 0., 0., 1
  287, 750.00, 5.00, 0., 0., 1
  288, 750.00, 5.00, 0., 0., 1
  289, 750.00, 5.00, 0., 0., 1
  290, 750.00, 5.00, 0., 0., 1
  291, 750.00, 5.00, 0., 0., 1
  292, 750.00, 5.00, 0., 0., 1
  293, 750.00, 5.00, 0., 0., 1
  294, 750.00, 5.00, 0., 0., 1
  295, 750.00, 5.00, 0., 0., 1
  296, 750.00, 5.00, 0., 0., 1
  297, 750.00, 5.00, 0., 0., 1
  298, 750.00, 5.00, 0., 0., 1
  299, 750.00, 5.00, 0., 0., 1
  300, 750.00, 5.00, 0., 0., 1
  301, 750.00, 5.00, 0., 0., 1
  302, 750.00, 5.00, 0., 0., 1
  303, 750.00, 5.00, 0., 0., 1
  304, 750.00, 5.00, 0., 0., 1
  305, 750.00, 5.00, 0., 0., 1
  306, 750.00, 5.00, 0., 0., 1
  307, 750.00, 5.00, 0., 0., 1
  308, 750.00, 5.00, 0., 0., 1
  309, 750.00, 5.00, 0., 0., 1
  310, 750.00, 5.00, 0., 0., 1
  311, 750.00, 5.00, 0., 0., 1
  312, 750.00, 5.00, 0., 0., 1
  313, 750.00, 5.00, 0., 0., 1
  314, 750.00, 5.00, 0., 0., 1
  315, 750.00, 5.00, 0., 0., 1
  316, 750.00, 5.00, 0., 0., 1
  317, 750.00, 5.00, 0., 0., 1
  318, 750.00, 5.00, 0., 0., 1
  319, 750.00, 5.00, 0., 0., 1
  320, 750.00, 5.00, 0., 0., 1
  321, 750.00, 5.00, 0., 0., 1
  322, 750.00, 5.00, 0., 0., 1
  323, 750.00, 5.00, 0., 0., 1
  324, 750.00, 5.00, 0., 0., 1
  325, 750.00, 5.00, 0., 0., 1
  326, 750.00, 5.00, 0., 0., 1
  327, 750.00, 5.00, 0., 0., 1
  328, 750.00, 5.00, 0., 0., 1
  329, 750.00, 5.00, 0., 0., 1
  330, 750.00, 5.00, 0., 0., 1
  331, 750.00, 5.00, 0., 0., 1
  332, 750.00, 5.00, 0., 0., 1
  333, 750.00, 5.00, 0., 0., 1
  334, 750.00, 5.00, 0., 0., 1
  335, 750.00, 5.00, 0., 0., 1
  336, 750.00, 5.00, 0., 0., 1
  337, 750.00, 5.00, 0., 0., 1
  338, 750.00, 5.00, 0., 0., 1
  339, 750.00, 5.00, 0., 0., 1
  340, 750.00, 5.00, 0., 0., 1
  341, 750.00, 5.00, 0., 0., 1
  342, 750.00, 5.00, 0., 0., 1
  343, 750.00, 5.00, 0., 0., 1
  344, 750.00, 5.00, 0., 0., 1
  345, 750.00, 5.00, 0., 0., 1
  346, 750.00, 5.00, 0., 0., 1
  347, 750.00, 5.00, 0., 0., 1
  348, 750.00, 5.00, 0., 0., 1
  349, 750.00, 5.00, 0., 0., 1
  350, 750.00, 5.00, 0., 0., 1
  351, 750.00, 5.00, 0., 0., 1
  352, 750.00, 5.00, 0., 0., 1
  353, 750.00, 5.00, 0., 0., 1
  354, 750.00, 5.00, 0., 0., 1
  355, 750.00, 5.00, 0., 0., 1
  356, 750.00, 5.00, 0., 0., 1
  357, 750.00, 5.00, 0., 0., 1
  358, 750.00, 5.00, 0., 0., 1
  359, 750.00, 5.00, 0., 0., 1
  360, 750.00, 5.00, 0., 0., 1
  361, 750.00, 5.00, 0., 0., 1
  362, 750.00, 5.00, 0., 0., 1
  363, 750.00, 5.00, 0., 0., 1
  364, 750.00, 5.00, 0., 0., 1
  365, 750.00, 5.00, 0., 0., 1
  366, 750.00, 5.00, 0., 0., 1
  367, 750.00, 5.00, 0., 0., 1
  368, 750.00, 5.00, 0., 0., 1
  369, 750.00, 5.00, 0., 0., 1
  370, 750.00, 5.00, 0., 0., 1
  371, 750.00, 5.00, 0., 0., 1
  372, 750.00, 5.00, 0., 0., 1
  373, 750.00, 5.00, 0., 0., 1
  374, 750.00, 5.00, 0., 0., 1
  375, 750.00, 5.00, 0., 0., 1
  376, 750.00, 5.00, 0., 0., 1
  377, 750.00, 5.00, 0., 0., 1
  378, 750.00, 5.00, 0., 0., 1
  379, 750.00, 5.00, 0., 0., 1
  380, 750.00, 5.00, 0., 0., 1
  381, 750.00, 5.00, 0., 0., 1
  382, 750.00, 5.00, 0., 0., 1
  383, 750.00, 5.00, 0., 0., 1
  384, 750.00, 5.00, 0., 0., 1
  385, 750.00, 5.00, 0., 0., 1
  386, 750.00, 5.00, 0., 0., 1
  387, 750.00, 5.00, 0., 0., 1
  388, 750.00, 5.00, 0., 0., 1
  389, 750.00, 5.00, 0., 0., 1
  390, 750.00, 5.00, 0., 0., 1
  391, 750.00, 5.00, 0., 0., 1
  392, 750.00, 5.00, 0., 0., 1
  393, 750.00, 5.00, 0., 0., 1
  394, 750.00, 5.00, 0., 0., 1
  395, 750.00, 5.00, 0., 0., 1
  396, 750.00, 5.00, 0., 0., 1
  397, 750.00, 5.00, 0., 0., 1
  398, 750.00, 5.00, 0., 0., 1
  399, 750.00, 5.00, 0., 0., 1
  400, 750.00, 5.00, 0., 0., 1
  401, 750.00, 5.00, 0., 0., 1
  402, 750.00, 5.00, 0., 0., 1
  403, 750.00, 5.00, 0., 0., 1
  404, 750.00, 5.00, 0., 0., 1
  405, 750.00, 5.00, 0., 0., 1
  406, 750.00, 5.00, 0., 0., 1
  407, 750.00, 5.00, 0., 0., 1
  408, 750.00, 5.00, 0., 0., 1
  409, 750.00, 5.00, 0., 0., 1
  410, 750.00, 5.00, 0., 0., 1
  411, 750.00, 5.00, 0., 0., 1
  412, 750.00, 5.00, 0., 0., 1
  413, 750.00, 5.00, 0., 0., 1
  414, 750.00, 5.00, 0., 0., 1
  415, 750.00, 5.00, 0., 0., 1
  416, 750.00, 5.00, 0., 0., 1
  417, 750.00, 5.00, 0., 0., 1
  418, 750.00, 5.00, 0., 0., 1
  419, 750.00, 5.00, 0., 0., 1
  420, 750.00, 5.00, 0., 0., 1
  421, 750.00, 5.00, 0., 0., 1
  422, 750.00, 5.00, 0., 0., 1
  423, 750.00, 5.00, 0., 0., 1
  424, 750.00, 5.00, 0., 0., 1
  425, 750.00, 5.00, 0., 0., 1
  426, 750.00, 5.00, 0., 0., 1
  427, 750.00, 5.00, 0., 0., 1
  428, 750.00, 5.00, 0., 0., 1
  429, 750.00, 5.00, 0., 0., 1
  430, 750.00, 5.00, 0., 0., 1
  431, 750.00, 5.00, 0., 0., 1
  432, 750.00, 5.00, 0., 0., 1
  433, 750.00, 5.00, 0., 0., 1
  434, 750.00, 5.00, 0., 0., 1
  435, 750.00, 5.00, 0., 0., 1
  436, 750.00, 5.00, 0., 0., 1
  437, 750.00, 5.00, 0., 0., 1
  438, 750.00, 5.00, 0., 0., 1
  439, 750.00, 5.00, 0., 0., 1
  440, 750.00, 5.00, 0., 0., 1
  441, 750.00, 5.00, 0., 0., 1
  442, 750.00, 5.00, 0., 0., 1
  443, 750.00, 5.00, 0., 0., 1
  444, 750.00, 5.00, 0., 0., 1
  445, 750.00, 5.00, 0., 0., 1
  446, 750.00, 5.00, 0., 0., 1
  447, 750.00, 5.00, 0., 0., 1
  448, 750.00, 5.00, 0., 0., 1
  449, 750.00, 5.00, 0., 0., 1
  450, 750.00, 5.00, 0., 0., 1
  451, 750.00, 5.00, 0., 0., 1
  452, 750.00, 5.00, 0., 0., 1
  453, 750.00, 5.00, 0., 0., 1
  454, 750.00, 5.00, 0., 0., 1
  455, 750.00, 5.00, 0., 0., 1
  456, 750.00, 5.00, 0., 0., 1
  457, 750.00, 5.00, 0., 0., 1
  458, 750.00, 5.00, 0., 0., 1
  459, 750.00, 5.00, 0., 0., 1
  460, 750.00, 5.00, 0., 0., 1
  461, 750.00, 5.00, 0., 0., 1
  462, 750.00, 5.00, 0., 0., 1
  463, 750.00, 5.00, 0., 0., 1
  464, 750.00, 5.00, 0., 0., 1
  465, 750.00, 5.00, 0., 0., 1
  466, 750.00, 5.00, 0., 0., 1
  467, 750.00, 5.00, 0., 0., 1
  468, 750.00, 5.00, 0., 0., 1
  469, 750.00, 5.00, 0., 0., 1
  470, 750.00, 5.00, 0., 0., 1
  471, 750.00, 5.00, 0., 0., 1
  472, 750.00, 5.00, 0., 0., 1
  473, 750.00, 5.00, 0., 0., 1
  474, 750.00, 5.00, 0., 0., 1
  475, 750.00, 5.00, 0., 0., 1
  476, 750.00, 5.00, 0., 0., 1
  477, 750.00, 5.00, 0., 0., 1
  478, 750.00, 5.00, 0., 0., 1
  479, 750.00, 5.00, 0., 0., 1
  480, 750.00, 5.00, 0., 0., 1
  481, 750.00, 5.00, 0., 0., 1
  482, 750.00, 5.00, 0., 0., 1
  483, 750.00, 5.00, 0., 0., 1
  484, 750.00, 5.00, 0., 0., 1
  485, 750.00, 5.00, 0., 0., 1
  486, 750.00, 5.00, 0., 0., 1
  487, 750.00, 5.00, 0., 0., 1
  488, 750.00, 5.00, 0., 0., 1
  489, 750.00, 5.00, 0., 0., 1
  490, 750.00, 5.00, 0., 0., 1
  491, 750.00, 5.00, 0., 0., 1
  492, 750.00, 5.00, 0., 0., 1
  493, 750.00, 5.00, 0., 0., 1
  494, 750.00, 5.00, 0., 0., 1
  495, 750.00, 5.00, 0., 0., 1
  496, 750.00, 5.00, 0., 0., 1
  497, 750.00, 5.00, 0., 0., 1
  498, 750.00, 5.00, 0., 0., 1
  499, 750.00, 5.00, 0., 0., 1
  500, 750.00, 5.00, 0., 0., 1
  501, 750.00, 5.00, 0., 0., 1
  502, 750.00, 5.00, 0., 0., 1
  503, 750.00, 5.00, 0., 0., 1
  504, 750.00, 5.00, 0., 0., 1
  505, 750.00, 5.00, 0., 0., 1
  506, 750.00, 5.00, 0., 0., 1
  507, 750.00, 5.00, 0., 0., 1
  508, 750.00, 5.00, 0., 0., 1
  509, 750.00, 5.00, 0., 0., 1
  510, 750.00, 5.00, 0., 0., 1
  511, 750.00, 5.00, 0., 0., 1
  512, 750.00, 5.00, 0., 0., 1
  513, 750.00, 5.00, 0., 0., 1
  514, 750.00, 5.00, 0., 0., 1
  515, 750.00, 5.00, 0., 0., 1
  516, 750.00, 5.00, 0., 0., 1
  517, 750.00, 5.00, 0., 0., 1
  518, 750.00, 5.00, 0., 0., 1
  519, 750.00, 5.00, 0., 0., 1
  520, 750.00, 5.00, 0., 0., 1
  521, 750.00, 5.00, 0., 0., 1
  522, 750.00, 5.00, 0., 0., 1
  523, 750.00, 5.00, 0., 0., 1
  524, 750.00, 5.00, 0., 0., 1
  525, 750.00, 5.00, 0., 0., 1
  526, 750.00, 5.00, 0., 0., 1
  527, 750.00, 5.00, 0., 0., 1
  528, 750.00, 5.00, 0., 0., 1
  529, 750.00, 5.00, 0., 0., 1
  530, 750.00, 5.00, 0., 0., 1
  531, 750.00, 5.00, 0., 0., 1
  532, 750.00, 5.00, 0., 0., 1
  533, 750.00, 5.00, 0., 0., 1
  534, 750.00, 5.00, 0., 0., 1
  535, 750.00, 5.00, 0., 0., 1
  536, 750.00, 5.00, 0., 0., 1
  537, 750.00, 5.00, 0., 0., 1
  538, 750.00, 5.00, 0., 0., 1
  539, 750.00, 5.00, 0., 0., 1
  540, 750.00, 5.00, 0., 0., 1
  541, 750.00, 5.00, 0., 0., 1
  542, 750.00, 5.00, 0., 0., 1
  543, 750.00, 5.00, 0., 0., 1
  544, 750.00, 5.00, 0., 0., 1
  545, 750.00, 5.00, 0., 0., 1
  546, 750.00, 5.00, 0., 0., 1
  547, 750.00, 5.00, 0., 0., 1
  548, 750.00, 5.00, 0., 0., 1
  549, 750.00, 5.00, 0., 0., 1
  550, 750.00, 5.00, 0., 0., 1
  551, 750.00, 5.00, 0., 0., 1
  552, 750.00, 5.00, 0., 0., 1
  553, 750.00, 5.00, 0., 0., 1
  554, 750.00, 5.00, 0., 0., 1
  555, 750.00, 5.00, 0., 0., 1
  556, 750.00, 5.00, 0., 0., 1
  557, 750.00, 5.00, 0., 0., 1
  558, 750.00, 5.00, 0., 0., 1
  559, 750.00, 5.00, 0., 0., 1
  560, 750.00, 5.00, 0., 0., 1
  561, 750.00, 5.00, 0., 0., 1
  562, 750.00, 5.00, 0., 0., 1
  563, 750.00, 5.00, 0., 0., 1
  564, 750.00, 5.00, 0., 0., 1
  565, 750.00, 5.00, 0., 0., 1
  566, 750.00, 5.00, 0., 0., 1
  567, 750.00, 5.00, 0., 0., 1
  568, 750.00, 5.00, 0., 0., 1
  569, 750.00, 5.00, 0., 0., 1
  570, 750.00, 5.00, 0., 0., 1
  571, 750.00, 5.00, 0., 0., 1
  572, 750.00, 5.00, 0., 0., 1
  573, 750.00, 5.00, 0., 0., 1
  574, 750.00, 5.00, 0., 0., 1
  575, 750.00, 5.00, 0., 0., 1
  576, 750.00, 5.00, 0., 0., 1
  577, 750.00, 5.00, 0., 0., 1
  578, 750.00, 5.00, 0., 0., 1
  579, 750.00, 5.00, 0., 0., 1
  580, 750.00, 5.00, 0., 0., 1
  581, 750.00, 5.00, 0., 0., 1
  582, 750.00, 5.00, 0., 0., 1
  583, 750.00, 5.00, 0., 0., 1
  584, 750.00, 5.00, 0., 0., 1
  585, 750.00, 5.00, 0., 0., 1
  586, 750.00, 5.00, 0., 0., 1
  587, 750.00, 5.00, 0., 0., 1
  588, 750.00, 5.00, 0., 0., 1
  589, 750.00, 5.00, 0., 0., 1
  590, 750.00, 5.00, 0., 0., 1
  591, 750.00, 5.00, 0., 0., 1
  592, 750.00, 5.00, 0., 0., 1
  593, 750.00, 5.00, 0., 0., 1
  594, 750.00, 5.00, 0., 0., 1
  595, 750.00, 5.00, 0., 0., 1
  596, 750.00, 5.00, 0., 0., 1
  597, 750.00, 5.00, 0., 0., 1
  598, 750.00, 5.00, 0., 0., 1
  599, 750.00, 5.00, 0., 0., 1
  600, 750.00, 5.00, 0., 0., 1
  601, 750.00, 5.00, 0., 0., 1
  602, 750.00, 5.00, 0., 0., 1
  603, 750.00, 5.00, 0., 0., 1
  604, 750.00, 5.00, 0., 0., 1
  605, 750.00, 5.00, 0., 0., 1
  606, 750.00, 5.00, 0., 0., 1
  607, 750.00, 5.00, 0., 0., 1
  608, 750.00, 5.00, 0., 0., 1
  609, 750.00, 5.00, 0., 0., 1
  610, 750.00, 5.00, 0., 0., 1
  611, 750.00, 5.00, 0., 0., 1
  612, 750.00, 5.00, 0., 0., 1
  613, 750.00, 5.00, 0., 0., 1
  614, 750.00, 5.00, 0., 0., 1
  615, 750.00, 5.00, 0., 0., 1
  616, 750.00, 5.00, 0., 0., 1
  617, 750.00, 5.00, 0., 0., 1
  618, 750.00, 5.00, 0., 0., 1
  619, 750.00, 5.00, 0., 0., 1
  620, 750.00, 5.00, 0., 0., 1
  621, 750.00, 5.00, 0., 0., 1
  622, 750.00, 5.00, 0., 0., 1
  623, 750.00, 5.00, 0., 0., 1
  624, 750.00, 5.00, 0., 0., 1
  625, 750.00, 5.00, 0., 0., 1
  626, 750.00, 5.00, 0., 0., 1
  627, 750.00, 5.00, 0., 0., 1
  628, 750.00, 5.00, 0., 0., 1
  629, 750.00, 5.00, 0., 0., 1
  630, 750.00, 5.00, 0., 0., 1
  631, 750.00, 5.00, 0., 0., 1
  632, 750.00, 5.00, 0., 0., 1
  633, 750.00, 5.00, 0., 0., 1
  634, 750.00, 5.00, 0., 0., 1
  635, 750.00, 5.00, 0., 0., 1
  636, 750.00, 5.00, 0., 0., 1
  637, 750.00, 5.00, 0., 0., 1
  638, 750.00, 5.00, 0., 0., 1
  639, 750.00, 5.00, 0., 0., 1
  640, 750.00, 5.00, 0., 0., 1
  641, 750.00, 5.00, 0., 0., 1
  642, 750.00, 5.00, 0., 0., 1
  643, 750.00, 5.00, 0., 0., 1
  644, 750.00, 5.00, 0., 0., 1
  645, 750.00, 5.00, 0., 0., 1
  646, 750.00, 5.00, 0., 0., 1
  647, 750.00, 5.00, 0., 0., 1
  648, 750.00, 5.00, 0., 0., 1
  649, 750.00, 5.00, 0., 0., 1
  650, 750.00, 5.00, 0., 0., 1
  651, 750.00, 5.00, 0., 0., 1
  652, 750.00, 5.00, 0., 0., 1
  653, 750.00, 5.00, 0., 0., 1
  654, 750.00, 5.00, 0., 0., 1
  655, 750.00, 5.00, 0., 0., 1
  656, 750.00, 5.00, 0., 0., 1
  657, 750.00, 5.00, 0., 0., 1
  658, 750.00, 5.00, 0., 0., 1
  659, 750.00, 5.00, 0., 0., 1
  660, 750.00, 5.00, 0., 0., 1
  661, 750.00, 5.00, 0., 0., 1
  662, 750.00, 5.00, 0., 0., 1
  663, 750.00, 5.00, 0., 0., 1
  664, 750.00, 5.00, 0., 0., 1
  665, 750.00, 5.00, 0., 0., 1
  666, 750.00, 5.00, 0., 0., 1
  667, 750.00, 5.00, 0., 0., 1
  668, 750.00, 5.00, 0., 0., 1
  669, 750.00, 5.00, 0., 0., 1
  670, 750.00, 5.00, 0., 0., 1
  671, 750.00, 5.00, 0., 0., 1
  672, 750.00, 5.00, 0., 0., 1
  673, 750.00, 5.00, 0., 0., 1
  674, 750.00, 5.00, 0., 0., 1
  675, 750.00, 5.00, 0., 0., 1
  676, 750.00, 5.00, 0., 0., 1
  677, 750.00, 5.00, 0., 0., 1
  678, 750.00, 5.00, 0., 0., 1
  679, 750.00, 5.00, 0., 0., 1
  680, 750.00, 5.00, 0., 0., 1
  681, 750.00, 5.00, 0., 0., 1
  682, 750.00, 5.00, 0., 0., 1
  683, 750.00, 5.00, 0., 0., 1
  684, 750.00, 5.00, 0., 0., 1
  685, 750.00, 5.00, 0., 0., 1
  686, 750.00, 5.00, 0., 0., 1
  687, 750.00, 5.00, 0., 0., 1
  688, 750.00, 5.00, 0., 0., 1
  689, 750.00, 5.00, 0., 0., 1
  690, 750.00, 5.00, 0., 0., 1
  691, 750.00, 5.00, 0., 0., 1
  692, 750.00, 5.00, 0., 0., 1
  693, 750.00, 5.00, 0., 0., 1
  694, 750.00, 5.00, 0., 0., 1
  695, 750.00, 5.00, 0., 0., 1
  696, 750.00, 5.00, 0., 0., 1
  697, 750.00, 5.00, 0., 0., 1
  698, 750.00, 5.00, 0., 0., 1
  699, 750.00, 5.00, 0., 0., 1
  700, 750.00, 5.00, 0., 0., 1
  701, 750.00, 5.00, 0., 0., 1
  702, 750.00, 5.00, 0., 0., 1
  703, 750.00, 5.00, 0., 0., 1
  704, 750.00, 5.00, 0., 0., 1
  705, 750.00, 5.00, 0., 0., 1
  706, 750.00, 5.00, 0., 0., 1
  707, 750.00, 5.00, 0., 0., 1
  708, 750.00, 5.00, 0., 0., 1
  709, 750.00, 5.00, 0., 0., 1
  710, 750.00, 5.00, 0., 0., 1
  711, 750.00, 5.00, 0., 0., 1
  712, 750.00, 5.00, 0., 0., 1
  713, 750.00, 5.00, 0., 0., 1
  714, 750.00, 5.00, 0., 0., 1
  715, 750.00, 5.00, 0., 0., 1
  716, 750.00, 5.00, 0., 0., 1
  717, 750.00, 5.00, 0., 0., 1
  718, 750.00, 5.00, 0., 0., 1
  719, 750.00, 5.00, 0., 0., 1
  720, 750.00, 5.00, 0., 0., 1
  721, 750.00, 5.00, 0., 0., 1
  722, 750.00, 5.00, 0., 0., 1
  723, 750.00, 5.00, 0., 0., 1
  724, 750.00, 5.00, 0., 0., 1
  725, 750.00, 5.00, 0., 0., 1
  726, 750.00, 5.00, 0., 0., 1
  727, 750.00, 5.00, 0., 0., 1
  728, 750.00, 5.00, 0., 0., 1
  729, 750.00, 5.00, 0., 0., 1
  730, 750.00, 5.00, 0., 0., 1
  731, 750.00, 5.00, 0., 0., 1
  732, 750.00, 5.00, 0., 0., 1
  733, 750.00, 5.00, 0., 0., 1
  734, 750.00, 5.00, 0., 0., 1
  735, 750.00, 5.00, 0., 0., 1
  736, 750.00, 5.00, 0., 0., 1
  737, 750.00, 5.00, 0., 0., 1
  738, 750.00, 5.00, 0., 0., 1
  739, 750.00, 5.00, 0., 0., 1
  740, 750.00, 5.00, 0., 0., 1
  741, 750.00, 5.00, 0., 0., 1
  742, 750.00, 5.00, 0., 0., 1
  743, 750.00, 5.00, 0., 0., 1
  744, 750.00, 5.00, 0., 0., 1
  745, 750.00, 5.00, 0., 0., 1
  746, 750.00, 5.00, 0., 0., 1
  747, 750.00, 5.00, 0., 0., 1
  748, 750.00, 5.00, 0., 0., 1
  749, 750.00, 5.00, 0., 0., 1
  750, 750.00, 5.00, 0., 0., 1
  751, 750.00, 5.00, 0., 0., 1
  752, 750.00, 5.00, 0., 0., 1
  753, 750.00, 5.00, 0., 0., 1
  754, 750.00, 5.00, 0., 0., 1
  755, 750.00, 5.00, 0., 0., 1
  756, 750.00, 5.00, 0., 0., 1
  757, 750.00, 5.00, 0., 0., 1
  758, 750.00, 5.00, 0., 0., 1
  759, 750.00, 5.00, 0., 0., 1
  760, 750.00, 5.00, 0., 0., 1
  761, 750.00, 5.00, 0., 0., 1
  762, 750.00, 5.00, 0., 0., 1
  763, 750.00, 5.00, 0., 0., 1
  764, 750.00, 5.00, 0., 0., 1
  765, 750.00, 5.00, 0., 0., 1
  766, 750.00, 5.00, 0., 0., 1
  767, 750.00, 5.00, 0., 0., 1
  768, 750.00, 5.00, 0., 0., 1
  769, 750.00, 5.00, 0., 0., 1
  770, 750.00, 5.00, 0., 0., 1
  771, 750.00, 5.00, 0., 0., 1
  772, 750.00, 5.00, 0., 0., 1
  773, 750.00, 5.00, 0., 0., 1
  774, 750.00, 5.00, 0., 0., 1
  775, 750.00, 5.00, 0., 0., 1
  776, 750.00, 5.00, 0., 0., 1
  777, 750.00, 5.00, 0., 0., 1
  778, 750.00, 5.00, 0., 0., 1
  779, 750.00, 5.00, 0., 0., 1
  780, 750.00, 5.00, 0., 0., 1
  781, 750.00, 5.00, 0., 0., 1
  782, 750.00, 5.00, 0., 0., 1
  783, 750.00, 5.00, 0., 0., 1
  784, 750.00, 5.00, 0., 0., 1
  785, 750.00, 5.00, 0., 0., 1
  786, 750.00, 5.00, 0., 0., 1
  787, 750.00, 5.00, 0., 0., 1
  788, 750.00, 5.00, 0., 0., 1
  789, 750.00, 5.00, 0., 0., 1
  790, 750.00, 5.00, 0., 0., 1
  791, 750.00, 5.00, 0., 0., 1
  792, 750.00, 5.00, 0., 0., 1
  793, 750.00, 5.00, 0., 0., 1
  794, 750.00, 5.00, 0., 0., 1
  795, 750.00, 5.00, 0., 0., 1
  796, 750.00, 5.00, 0., 0., 1
  797, 750.00, 5.00, 0., 0., 1
  798, 750.00, 5.00, 0., 0., 1
  799, 750.00, 5.00, 0., 0., 1
  800, 750.00, 5.00, 0., 0., 1
  801, 750.00, 5.00, 0., 0., 1
  802, 750.00, 5.00, 0., 0., 1
  803, 750.00, 5.00, 0., 0., 1
  804, 750.00, 5.00, 0., 0., 1
  805, 750.00, 5.00, 0., 0., 1
  806, 750.00, 5.00, 0., 0., 1
  807, 750.00, 5.00, 0., 0., 1
  808, 750.00, 5.00, 0., 0., 1
  809, 750.00, 5.00, 0., 0., 1
  810, 750.00, 5.00, 0., 0., 1
  811, 750.00, 5.00, 0., 0., 1
  812, 750.00, 5.00, 0., 0., 1
  813, 750.00, 5.00, 0., 0., 1
  814, 750.00, 5.00, 0., 0., 1
  815, 750.00, 5.00, 0., 0., 1
  816, 750.00, 5.00, 0., 0., 1
  817, 750.00, 5.00, 0., 0., 1
  818, 750.00, 5.00, 0., 0., 1
  819, 750.00, 5.00, 0., 0., 1
  820, 750.00, 5.00, 0., 0., 1
  821, 750.00, 5.00, 0., 0., 1
  822, 750.00, 5.00, 0., 0., 1
  823, 750.00, 5.00, 0., 0., 1
  824, 750.00, 5.00, 0., 0., 1
  825, 750.00, 5.00, 0., 0., 1
  826, 750.00, 5.00, 0., 0., 1
  827, 750.00, 5.00, 0., 0., 1
  828, 750.00, 5.00, 0., 0., 1
  829, 750.00, 5.00, 0., 0., 1
  830, 750.00, 5.00, 0., 0., 1
  831, 750.00, 5.00, 0., 0., 1
  832, 750.00, 5.00, 0., 0., 1
  833, 750.00, 5.00, 0., 0., 1
  834, 750.00, 5.00, 0., 0., 1
  835, 750.00, 5.00, 0., 0., 1
  836, 750.00, 5.00, 0., 0., 1
  837, 750.00, 5.00, 0., 0., 1
  838, 750.00, 5.00, 0., 0., 1
  839, 750.00, 5.00, 0., 0., 1
  840, 750.00, 5.00, 0., 0., 1
  841, 750.00, 5.00, 0., 0., 1
  842, 750.00, 5.00, 0., 0., 1
  843, 750.00, 5.00, 0., 0., 1
  844, 750.00, 5.00, 0., 0., 1
  845, 750.00, 5.00, 0., 0., 1
  846, 750.00, 5.00, 0., 0., 1
  847, 750.00, 5.00, 0., 0., 1
  848, 750.00, 5.00, 0., 0., 1
  849, 750.00, 5.00, 0., 0., 1
  850, 750.00, 5.00, 0., 0., 1
  851, 750.00, 5.00, 0., 0., 1
  852, 750.00, 5.00, 0., 0., 1
  853, 750.00, 5.00, 0., 0., 1
  854, 750.00, 5.00, 0., 0., 1
  855, 750.00, 5.00, 0., 0., 1
  856, 750.00, 5.00, 0., 0., 1
  857, 750.00, 5.00, 0., 0., 1
  858, 750.00, 5.00, 0., 0., 1
  859, 750.00, 5.00, 0., 0., 1
  860, 750.00, 5.00, 0., 0., 1
  861, 750.00, 5.00, 0., 0., 1
  862, 750.00, 5.00, 0., 0., 1
  863, 750.00, 5.00, 0., 0., 1
  864, 750.00, 5.00, 0., 0., 1
  865, 750.00, 5.00, 0., 0., 1
  866, 750.00, 5.00, 0., 0., 1
  867, 750.00, 5.00, 0., 0., 1
  868, 750.00, 5.00, 0., 0., 1
  869, 750.00, 5.00, 0., 0., 1
  870, 750.00, 5.00, 0., 0., 1
  871, 750.00, 5.00, 0., 0., 1
  872, 750.00, 5.00, 0., 0., 1
  873, 750.00, 5.00, 0., 0., 1
  874, 750.00, 5.00, 0., 0., 1
  875, 750.00, 5.00, 0., 0., 1
  876, 750.00, 5.00, 0., 0., 1
  877, 750.00, 5.00, 0., 0., 1
  878, 750.00, 5.00, 0., 0., 1
  879, 750.00, 5.00, 0., 0., 1
  880, 750.00, 5.00, 0., 0., 1
  881, 750.00, 5.00, 0., 0., 1
  882, 750.00, 5.00, 0., 0., 1
  883, 750.00, 5.00, 0., 0., 1
  884, 750.00, 5.00, 0., 0., 1
  885, 750.00, 5.00, 0., 0., 1
  886, 750.00, 5.00, 0., 0., 1
  887, 750.00, 5.00, 0., 0., 1
  888, 750.00, 5.00, 0., 0., 1
  889, 750.00, 5.00, 0., 0., 1
  890, 750.00, 5.00, 0., 0., 1
  891, 750.00, 5.00, 0., 0., 1
  892, 750.00, 5.00, 0., 0., 1
  893, 750.00, 5.00, 0., 0., 1
  894, 750.00, 5.00, 0., 0., 1
  895, 750.00, 5.00, 0., 0., 1
  896, 750.00, 5.00, 0., 0., 1
  897, 750.00, 5.00, 0., 0., 1
  898, 750.00, 5.00, 0., 0., 1
  899, 750.00, 5.00, 0., 0., 1
  900, 750.00, 5.00, 0., 0., 1
  901, 750.00, 5.00, 0., 0., 1
  902, 750.00, 5.00, 0., 0., 1
  903, 750.00, 5.00, 0., 0., 1
  904, 750.00, 5.00, 0., 0., 1
  905, 750.00, 5.00, 0., 0., 1
  906, 750.00, 5.00, 0., 0., 1
  907, 750.00, 5.00, 0., 0., 1
  908, 750.00, 5.00, 0., 0., 1
  909, 750.00, 5.00, 0., 0., 1
  910, 750.00, 5.00, 0., 0., 1
  911, 750.00, 5.00, 0., 0., 1
  912, 750.00, 5.00, 0., 0., 1
  913, 750.00, 5.00, 0., 0., 1
  914, 750.00, 5.00, 0., 0., 1
  915, 750.00, 5.00, 0., 0., 1
  916, 750.00, 5.00, 0., 0., 1
  917, 750.00, 5.00, 0., 0., 1
  918, 750.00, 5.00, 0., 0., 1
  919, 750.00, 5.00, 0., 0., 1
  920, 750.00, 5.00, 0., 0., 1
  921, 750.00, 5.00, 0., 0., 1
  922, 750.00, 5.00, 0., 0., 1
  923, 750.00, 5.00, 0., 0., 1
  924, 750.00, 5.00, 0., 0., 1
  925, 750.00, 5.00, 0., 0., 1
  926, 750.00, 5.00, 0., 0., 1
  927, 750.00, 5.00, 0., 0., 1
  928, 750.00, 5.00, 0., 0., 1
  929, 750.00, 5.00, 0., 0., 1
  930, 750.00, 5.00, 0., 0., 1
  931, 750.00, 5.00, 0., 0., 1
  932, 750.00, 5.00, 0., 0., 1
  933, 750.00, 5.00, 0., 0., 1
  934, 750.00, 5.00, 0., 0., 1
  935, 750.00, 5.00, 0., 0., 1
  936, 750.00, 5.00, 0., 0., 1
  937, 750.00, 5.00, 0., 0., 1
  938, 750.00, 5.00, 0., 0., 1
  939, 750.00, 5.00, 0., 0., 1
  940, 750.00, 5.00, 0., 0., 1
  941, 750.00, 5.00, 0., 0., 1
  942, 750.00, 5.00, 0., 0., 1
  943, 750.00, 5.00, 0., 0., 1
  944, 750.00, 5.00, 0., 0., 1
  945, 750.00, 5.00, 0., 0., 1
  946, 750.00, 5.00, 0., 0., 1
  947, 750.00, 5.00, 0., 0., 1
  948, 750.00, 5.00, 0., 0., 1
  949, 750.00, 5.00, 0., 0., 1
  950, 750.00, 5.00, 0., 0., 1
  951, 750.00, 5.00, 0., 0., 1
  952, 750.00, 5.00, 0., 0., 1
  953, 750.00, 5.00, 0., 0., 1
  954, 750.00, 5.00, 0., 0., 1
  955, 750.00, 5.00, 0., 0., 1
  956, 750.00, 5.00, 0., 0., 1
  957, 750.00, 5.00, 0., 0., 1
  958, 750.00, 5.00, 0., 0., 1
  959, 750.00, 5.00, 0., 0., 1
  960, 750.00, 5.00, 0., 0., 1
  961, 750.00, 5.00, 0., 0., 1
  962, 750.00, 5.00, 0., 0., 1
  963, 750.00, 5.00, 0., 0., 1
  964, 750.00, 5.00, 0., 0., 1
  965, 750.00, 5.00, 0., 0., 1
  966, 750.00, 5.00, 0., 0., 1
  967, 750.00, 5.00, 0., 0., 1
  968, 750.00, 5.00, 0., 0., 1
  969, 750.00, 5.00, 0., 0., 1
  970, 750.00, 5.00, 0., 0., 1
  971, 750.00, 5.00, 0., 0., 1
  972, 750.00, 5.00, 0., 0., 1
  973, 750.00, 5.00, 0., 0., 1
  974, 750.00, 5.00, 0., 0., 1
  975, 750.00, 5.00, 0., 0., 1
  976, 750.00, 5.00, 0., 0., 1
  977, 750.00, 5.00, 0., 0., 1
  978, 750.00, 5.00, 0., 0., 1
  979, 750.00, 5.00, 0., 0., 1
  980, 750.00, 5.00, 0., 0., 1
  981, 750.00, 5.00, 0., 0., 1
  982, 750.00, 5.00, 0., 0., 1
  983, 750.00, 5.00, 0., 0., 1
  984, 750.00, 5.00, 0., 0., 1
  985, 750.00, 5.00, 0., 0., 1
  986, 750.00, 5.00, 0., 0., 1
  987, 750.00, 5.00, 0., 0., 1
  988, 750.00, 5.00, 0., 0., 1
  989, 750.00, 5.00, 0., 0., 1
  990, 750.00, 5.00, 0., 0., 1
  991, 750.00, 5.00, 0., 0., 1
  992, 750.00, 5.00, 0., 0., 1
  993, 750.00, 5.00, 0., 0., 1
  994, 750.00, 5.00, 0., 0., 1
  995, 750.00, 5.00, 0., 0., 1
  996, 750.00, 5.00, 0., 0., 1
  997, 750.00, 5.00, 0., 0., 1
  998, 750.00, 5.00, 0., 0., 1
  999, 750.00, 5.00, 0., 0., 1
 1000, 750.00, 5.00, 0., 0., 1
 1001, 750.00, 5.00, 0., 0., 1
 1002, 750.00, 5.00, 0., 0., 1
 1003, 750.00, 5.00, 0., 0., 1
 1004, 750.00, 5.00, 0., 0., 1
 1005, 750.00, 5.00, 0., 0., 1
 1006, 750.00, 5.00, 0., 0., 1
 1007, 750.00, 5.00, 0., 0., 1
 1008, 750.00, 5.00, 0., 0., 1
 1009, 750.00, 5.00, 0., 0., 1
 1010, 750.00, 5.00, 0., 0., 1
 1011, 750.00, 5.00, 0., 0., 1
 1012, 750.00, 5.00, 0., 0., 1
 1013, 750.00, 5.00, 0., 0., 1
 1014, 750.00, 5.00, 0., 0., 1
 1015, 750.00, 5.00, 0., 0., 1
 1016, 750.00, 5.00, 0., 0., 1
 1017, 750.00, 5.00, 0., 0., 1
 1018, 750.00, 5.00, 0., 0., 1
 1019, 750.00, 5.00, 0., 0., 1
 1020, 750.00, 5.00, 0., 0., 1
 1021, 750.00, 5.00, 0., 0., 1
 1022, 750.00, 5.00, 0., 0., 1
 1023, 750.00, 5.00, 0., 0., 1
 1024, 750.00, 5.00, 0., 0., 1
 1025, 750.00, 5.00, 0., 0., 1
 1026, 750.00, 5.00, 0., 0., 1
 1027, 750.00, 5.00, 0., 0., 1
 1028, 750.00, 5.00, 0., 0., 1
 1029, 750.00, 5.00, 0., 0., 1
 1030, 750.00, 5.00, 0., 0., 1
 1031, 750.00, 5.00, 0., 0., 1
 1032, 750.00, 5.00, 0., 0., 1
 1033, 750.00, 5.00, 0., 0., 1
 1034, 750.00, 5.00, 0., 0., 1
 1035, 750.00, 5.00, 0., 0., 1
 1036, 750.00, 5.00, 0., 0., 1
 1037, 750.00, 5.00, 0., 0., 1
 1038, 750.00, 5.00, 0., 0., 1
 1039, 750.00, 5.00, 0., 0., 1
 1040, 750.00, 5.00, 0., 0., 1
 1041, 750.00, 5.00, 0., 0., 1
 1042, 750.00, 5.00, 0., 0., 1
 1043, 750.00, 5.00, 0., 0., 1
 1044, 750.00, 5.00, 0., 0., 1
 1045, 750.00, 5.00, 0., 0., 1
 1046, 750.00, 5.00, 0., 0., 1
 1047, 750.00, 5.00, 0., 0., 1
 1048, 750.00, 5.00, 0., 0., 1
 1049, 750.00, 5.00, 0., 0., 1
 1050, 750.00, 5.00, 0., 0., 1
 1051, 750.00, 5.00, 0., 0., 1
 1052, 750.00, 5.00, 0., 0., 1
 1053, 750.00, 5.00, 0., 0., 1
 1054, 750.00, 5.00, 0., 0., 1
 1055, 750.00, 5.00, 0., 0., 1
 1056, 750.00, 5.00, 0., 0., 1
 1057, 750.00, 5.00, 0., 0., 1
 1058, 750.00, 5.00, 0., 0., 1
 1059, 750.00, 5.00, 0., 0., 1
 1060, 750.00, 5.00, 0., 0., 1
 1061, 750.00, 5.00, 0., 0., 1
 1062, 750.00, 5.00, 0., 0., 1
 1063, 750.00, 5.00, 0., 0., 1
 1064, 750.00, 5.00, 0., 0., 1
 1065, 750.00, 5.00, 0., 0., 1
 1066, 750.00, 5.00, 0., 0., 1
 1067, 750.00, 5.00, 0., 0., 1
 1068, 750.00, 5.00, 0., 0., 1
 1069, 750.00, 5.00, 0., 0., 1
 1070, 750.00, 5.00, 0., 0., 1
 1071, 750.00, 5.00, 0., 0., 1
 1072, 750.00, 5.00, 0., 0., 1
 1073, 750.00, 5.00, 0., 0., 1
 1074, 750.00, 5.00, 0., 0., 1
 1075, 750.00, 5.00, 0., 0., 1
 1076, 750.00, 5.00, 0., 0., 1
 1077, 750.00, 5.00, 0., 0., 1
 1078, 750.00, 5.00, 0., 0., 1
 1079, 750.00, 5.00, 0., 0., 1
 1080, 750.00, 5.00, 0., 0., 1
 1081, 750.00, 5.00, 0., 0., 1
 1082, 750.00, 5.00, 0., 0., 1
 1083, 750.00, 5.00, 0., 0., 1
 1084, 750.00, 5.00, 0., 0., 1
 1085, 750.00, 5.00, 0., 0., 1
 1086, 750.00, 5.00, 0., 0., 1
 1087, 750.00, 5.00, 0., 0., 1
 1088, 750.00, 5.00, 0., 0., 1
 1089, 750.00, 5.00, 0., 0., 1
 1090, 750.00, 5.00, 0., 0., 1
 1091, 750.00, 5.00, 0., 0., 1
 1092, 750.00, 5.00, 0., 0., 1
 1093, 750.00, 5.00, 0., 0., 1
 1094, 750.00, 5.00, 0., 0., 1
 1095, 750.00, 5.00, 0., 0., 1
 1096, 750.00, 5.00, 0., 0., 1
 1097, 750.00, 5.00, 0., 0., 1
 1098, 750.00, 5.00, 0., 0., 1
 1099, 750.00, 5.00, 0., 0., 1
 1100, 750.00, 5.00, 0., 0., 1
 1101, 750.00, 5.00, 0., 0., 1
 1102, 750.00, 5.00, 0., 0., 1
 1103, 750.00, 5.00, 0., 0., 1
 1104, 750.00, 5.00, 0., 0., 1
 1105, 750.00, 5.00, 0., 0., 1
 1106, 750.00, 5.00, 0., 0., 1
 1107, 750.00, 5.00, 0., 0., 1
 1108, 750.00, 5.00, 0., 0., 1
 1109, 750.00, 5.00, 0., 0., 1
 1110, 750.00, 5.00, 0., 0., 1
 1111, 750.00, 5.00, 0., 0., 1
 1112, 750.00, 5.00, 0., 0., 1
 1113, 750.00, 5.00, 0., 0., 1
 1114, 750.00, 5.00, 0., 0., 1
 1115, 750.00, 5.00, 0., 0., 1
 1116, 750.00, 5.00, 0., 0., 1
 1117, 750.00, 5.00, 0., 0., 1
 1118, 750.00, 5.00, 0., 0., 1
 1119, 750.00, 5.00, 0., 0., 1
 1120, 750.00, 5.00, 0., 0., 1
 1121, 750.00, 5.00, 0., 0., 1
 1122, 750.00, 5.00, 0., 0., 1
 1123, 750.00, 5.00, 0., 0., 1
 1124, 750.00, 5.00, 0., 0., 1
 1125, 750.00, 5.00, 0., 0., 1
 1126, 750.00, 5.00, 0., 0., 1
 1127, 750.00, 5.00, 0., 0., 1
 1128, 750.00, 5.00, 0., 0., 1
 1129, 750.00, 5.00, 0., 0., 1
 1130, 750.00, 5.00, 0., 0., 1
 1131, 750.00, 5.00, 0., 0., 1
 1132, 750.00, 5.00, 0., 0., 1
 1133, 750.00, 5.00, 0., 0., 1
 1134, 750.00, 5.00, 0., 0., 1
 1135, 750.00, 5.00, 0., 0., 1
 1136, 750.00, 5.00, 0., 0., 1
 1137, 750.00, 5.00, 0., 0., 1
 1138, 750.00, 5.00, 0., 0., 1
 1139, 750.00, 5.00, 0., 0., 1
 1140, 750.00, 5.00, 0., 0., 1
 1141, 750.00, 5.00, 0., 0., 1
 1142, 750.00, 5.00, 0., 0., 1
 1143, 750.00, 5.00, 0., 0., 1
 1144, 750.00, 5.00, 0., 0., 1
 1145, 750.00, 5.00, 0., 0., 1
 1146, 750.00, 5.00, 0., 0., 1
 1147, 750.00, 5.00, 0., 0., 1
 1148, 750.00, 5.00, 0., 0., 1
 1149, 750.00, 5.00, 0., 0., 1
 1150, 750.00, 5.00, 0., 0., 1
 1151, 750.00, 5.00, 0., 0., 1
 1152, 750.00, 5.00, 0., 0., 1
 1153, 750.00, 5.00, 0., 0., 1
 1154, 750.00, 5.00, 0., 0., 1
 1155, 750.00, 5.00, 0., 0., 1
 1156, 750.00, 5.00, 0., 0., 1
 1157, 750.00, 5.00, 0., 0., 1
 1158, 750.00, 5.00, 0., 0., 1
 1159, 750.00, 5.00, 0., 0., 1
 1160, 750.00, 5.00, 0., 0., 1
 1161, 750.00, 5.00, 0., 0., 1
 1162, 750.00, 5.00, 0., 0., 1
 1163, 750.00, 5.00, 0., 0., 1
 1164, 750.00, 5.00, 0., 0., 1
 1165, 750.00, 5.00, 0., 0., 1
 1166, 750.00, 5.00, 0., 0., 1
 1167, 750.00, 5.00, 0., 0., 1
 1168, 750.00, 5.00, 0., 0., 1
 1169, 750.00, 5.00, 0., 0., 1
 1170, 750.00, 5.00, 0., 0., 1
 1171, 750.00, 5.00, 0., 0., 1
 1172, 750.00, 5.00, 0., 0., 1
 1173, 750.00, 5.00, 0., 0., 1
 1174, 750.00, 5.00, 0., 0., 1
 1175, 750.00, 5.00, 0., 0., 1
 1176, 750.00, 5.00, 0., 0., 1
 1177, 750.00, 5.00, 0., 0., 1
 1178, 750.00, 5.00, 0., 0., 1
 1179, 750.00, 5.00, 0., 0., 1
 1180, 750.00, 5.00, 0., 0., 1
 1181, 750.00, 5.00, 0., 0., 1
 1182, 750.00, 5.00, 0., 0., 1
 1183, 750.00, 5.00, 0., 0., 1
 1184, 750.00, 5.00, 0., 0., 1
 1185, 750.00, 5.00, 0., 0., 1
 1186, 750.00, 5.00, 0., 0., 1
 1187, 750.00, 5.00, 0., 0., 1
 1188, 750.00, 5.00, 0., 0., 1
 1189, 750.00, 5.00, 0., 0., 1
 1190, 750.00, 5.00, 0., 0., 1
 1191, 750.00, 5.00, 0., 0., 1
 1192, 750.00, 5.00, 0., 0., 1
 1193, 750.00, 5.00, 0., 0., 1
 1194, 750.00, 5.00, 0., 0., 1
 1195, 750.00, 5.00, 0., 0., 1
 1196, 750.00, 5.00, 0., 0., 1
 1197, 750.00, 5.00, 0., 0., 1
 1198, 750.00, 5.00, 0., 0., 1
 1199, 750.00, 5.00, 0., 0., 1
 1200, 750.00, 5.00, 0., 0., 1
 1201, 750.00, 5.00, 0., 0., 1
 1202, 750.00, 5.00, 0., 0., 1
 1203, 750.00, 5.00, 0., 0., 1
 1204, 750.00, 5.00, 0., 0., 1
 1205, 750.00, 5.00, 0., 0., 1
 1206, 750.00, 5.00, 0., 0., 1
 1207, 750.00, 5.00, 0., 0., 1
 1208, 750.00, 5.00, 0., 0., 1
 1209, 750.00, 5.00, 0., 0., 1
 1210, 750.00, 5.00, 0., 0., 1
 1211, 750.00, 5.00, 0., 0., 1
 1212, 750.00, 5.00, 0., 0., 1
 1213, 750.00, 5.00, 0., 0., 1
 1214, 750.00, 5.00, 0., 0., 1
 1215, 750.00, 5.00, 0., 0., 1
 1216, 750.00, 5.00, 0., 0., 1
 1217, 750.00, 5.00, 0., 0., 1
 1218, 750.00, 5.00, 0., 0., 1
 1219, 750.00, 5.00, 0., 0., 1
 1220, 750.00, 5.00, 0., 0., 1
 1221, 750.00, 5.00, 0., 0., 1
 1222, 750.00, 5.00, 0., 0., 1
 1223, 750.00, 5.00, 0., 0., 1
 1224, 750.00, 5.00, 0., 0., 1
 1225, 750.00, 5.00, 0., 0., 1
 1226, 750.00, 5.00, 0., 0., 1
 1227, 750.00, 5.00, 0., 0., 1
 1228, 750.00, 5.00, 0., 0., 1
 1229, 750.00, 5.00, 0., 0., 1
 1230, 750.00, 5.00, 0., 0., 1
 1231, 750.00, 5.00, 0., 0., 1
 1232, 750.00, 5.00, 0., 0., 1
 1233, 750.00, 5.00, 0., 0., 1
 1234, 750.00, 5.00, 0., 0., 1
 1235, 750.00, 5.00, 0., 0., 1
 1236, 750.00, 5.00, 0., 0., 1
 1237, 750.00, 5.00, 0., 0., 1
 1238, 750.00, 5.00, 0., 0., 1
 1239, 750.00, 5.00, 0., 0., 1
 1240, 750.00, 5.00, 0., 0., 1
 1241, 750.00, 5.00, 0., 0., 1
 1242, 750.00, 5.00, 0., 0., 1
 1243, 750.00, 5.00, 0., 0., 1
 1244, 750.00, 5.00, 0., 0., 1
 1245, 750.00, 5.00, 0., 0., 1
 1246, 750.00, 5.00, 0., 0., 1
 1247, 750.00, 5.00, 0., 0., 1
 1248, 750.00, 5.00, 0., 0., 1
 1249, 750.00, 5.00, 0., 0., 1
 1250, 750.00, 5.00, 0., 0., 1
 1251, 750.00, 5.00, 0., 0., 1
 1252, 750.00, 5.00, 0., 0., 1
 1253, 750.00, 5.00, 0., 0., 1
 1254, 750.00, 5.00, 0., 0., 1
 1255, 750.00, 5.00, 0., 0., 1
 1256, 750.00, 5.00, 0., 0., 1
 1257, 750.00, 5.00, 0., 0., 1
 1258, 750.00, 5.00, 0., 0., 1
 1259, 750.00, 5.00, 0., 0., 1
 1260, 750.00, 5.00, 0., 0., 1
 1261, 750.00, 5.00, 0., 0., 1
 1262, 750.00, 5.00, 0., 0., 1
 1263, 750.00, 5.00, 0., 0., 1
 1264, 750.00, 5.00, 0., 0., 1
 1265, 750.00, 5.00, 0., 0., 1
 1266, 750.00, 5.00, 0., 0., 1
 1267, 750.00, 5.00, 0., 0., 1
 1268, 750.00, 5.00, 0., 0., 1
 1269, 750.00, 5.00, 0., 0., 1
 1270, 750.00, 5.00, 0., 0., 1
 1271, 750.00, 5.00, 0., 0., 1
 1272, 750.00, 5.00, 0., 0., 1
 1273, 750.00, 5.00, 0., 0., 1
 1274, 750.00, 5.00, 0., 0., 1
 1275, 750.00, 5.00, 0., 0., 1
 1276, 750.00, 5.00, 0., 0., 1
 1277, 750.00, 5.00, 0., 0., 1
 1278, 750.00, 5.00, 0., 0., 1
 1279, 750.00, 5.00, 0., 0., 1
 1280, 750.00, 5.00, 0., 0., 1
 1281, 750.00, 5.00, 0., 0., 1
 1282, 750.00, 5.00, 0., 0., 1
 1283, 750.00, 5.00, 0., 0., 1
 1284, 750.00, 5.00, 0., 0., 1
 1285, 750.00, 5.00, 0., 0., 1
 1286, 750.00, 5.00, 0., 0., 1
 1287, 750.00, 5.00, 0., 0., 1
 1288, 750.00, 5.00, 0., 0., 1
 1289, 750.00, 5.00, 0., 0., 1
 1290, 750.00, 5.00, 0., 0., 1
 1291, 750.00, 5.00, 0., 0., 1
 1292, 750.00, 5.00, 0., 0., 1
 1293, 750.00, 5.00, 0., 0., 1
 1294, 750.00, 5.00, 0., 0., 1
 1295, 750.00, 5.00, 0., 0., 1
 1296, 750.00, 5.00, 0., 0., 1
 1297, 750.00, 5.00, 0., 0., 1
 1298, 750.00, 5.00, 0., 0., 1
 1299, 750.00, 5.00, 0., 0., 1
 1300, 750.00, 5.00, 0., 0., 1
 1301, 750.00, 5.00, 0., 0., 1
 1302, 750.00, 5.00, 0., 0., 1
 1303, 750.00, 5.00, 0., 0., 1
 1304, 750.00, 5.00, 0., 0., 1
 1305, 750.00, 5.00, 0., 0., 1
 1306, 750.00, 5.00, 0., 0., 1
 1307, 750.00, 5.00, 0., 0., 1
 1308, 750.00, 5.00, 0., 0., 1
 1309, 750.00, 5.00, 0., 0., 1
 1310, 750.00, 5.00, 0., 0., 1
 1311, 750.00, 5.00, 0., 0., 1
 1312, 750.00, 5.00, 0., 0., 1
 1313, 750.00, 5.00, 0., 0., 1
 1314, 750.00, 5.00, 0., 0., 1
 1315, 750.00, 5.00, 0., 0., 1
 1316, 750.00, 5.00, 0., 0., 1
 1317, 750.00, 5.00, 0., 0., 1
 1318, 750.00, 5.00, 0., 0., 1
 1319, 750.00, 5.00, 0., 0., 1
 1320, 750.00, 5.00, 0., 0., 1
 1321, 750.00, 5.00, 0., 0., 1
 1322, 750.00, 5.00, 0., 0., 1
 1323, 750.00, 5.00, 0., 0., 1
 1324, 750.00, 5.00, 0., 0., 1
 1325, 750.00, 5.00, 0., 0., 1
 1326, 750.00, 5.00, 0., 0., 1
 1327, 750.00, 5.00, 0., 0., 1
 1328, 750.00, 5.00, 0., 0., 1
 1329, 750.00, 5.00, 0., 0., 1
 1330, 750.00, 5.00, 0., 0., 1
 1331, 750.00, 5.00, 0., 0., 1
 1332, 750.00, 5.00, 0., 0., 1
 1333, 750.00, 5.00, 0., 0., 1
 1334, 750.00, 5.00, 0., 0., 1
 1335, 750.00, 5.00, 0., 0., 1
 1336, 750.00, 5.00, 0., 0., 1
 1337, 750.00, 5.00, 0., 0., 1
 1338, 750.00, 5.00, 0., 0., 1
 1339, 750.00, 5.00, 0., 0., 1
 1340, 750.00, 5.00, 0., 0., 1
 1341, 750.00, 5.00, 0., 0., 1
 1342, 750.00, 5.00, 0., 0., 1
 1343, 750.00, 5.00, 0., 0., 1
 1344, 750.00, 5.00, 0., 0., 1
 1345, 750.00, 5.00, 0., 0., 1
 1346, 750.00, 5.00, 0., 0., 1
 1347, 750.00, 5.00, 0., 0., 1
 1348, 750.00, 5.00, 0., 0., 1
 1349, 750.00, 5.00, 0., 0., 1
 1350, 750.00, 5.00, 0., 0., 1
 1351, 750.00, 5.00, 0., 0., 1
 1352, 750.00, 5.00, 0., 0., 1
 1353, 750.00, 5.00, 0., 0., 1
 1354, 750.00, 5.00, 0., 0., 1
 1355, 750.00, 5.00, 0., 0., 1
 1356, 750.00, 5.00, 0., 0., 1
 1357, 750.00, 5.00, 0., 0., 1
 1358, 750.00, 5.00, 0., 0., 1
 1359, 750.00, 5.00, 0., 0., 1
 1360, 750.00, 5.00, 0., 0., 1
 1361, 750.00, 5.00, 0., 0., 1
 1362, 750.00, 5.00, 0., 0., 1
 1363, 750.00, 5.00, 0., 0., 1
 1364, 750.00, 5.00, 0., 0., 1
 1365, 750.00, 5.00, 0., 0., 1
 1366, 750.00, 5.00, 0., 0., 1
 1367, 750.00, 5.00, 0., 0., 1
 1368, 750.00, 5.00, 0., 0., 1
 1369, 750.00, 5.00, 0., 0., 1
 1370, 750.00, 5.00, 0., 0., 1
 1371, 750.00, 5.00, 0., 0., 1
 1372, 750.00, 5.00, 0., 0., 1
 1373, 750.00, 5.00, 0., 0., 1
 1374, 750.00, 5.00, 0., 0., 1
 1375, 750.00, 5.00, 0., 0., 1
 1376, 750.00, 5.00, 0., 0., 1
 1377, 750.00, 5.00, 0., 0., 1
 1378, 750.00, 5.00, 0., 0., 1
 1379, 750.00, 5.00, 0., 0., 1
 1380, 750.00, 5.00, 0., 0., 1
 1381, 750.00, 5.00, 0., 0., 1
 1382, 750.00, 5.00, 0., 0., 1
 1383, 750.00, 5.00, 0., 0., 1
 1384, 750.00, 5.00, 0., 0., 1
 1385, 750.00, 5.00, 0., 0., 1
 1386, 750.00, 5.00, 0., 0., 1
 1387, 750.00, 5.00, 0., 0., 1
 1388, 750.00, 5.00, 0., 0., 1
 1389, 750.00, 5.00, 0., 0., 1
 1390, 750.00, 5.00, 0., 0., 1
 1391, 750.00, 5.00, 0., 0., 1
 1392, 750.00, 5.00, 0., 0., 1
 1393, 750.00, 5.00, 0., 0., 1
 1394, 750.00, 5.00, 0., 0., 1
 1395, 750.00, 5.00, 0., 0., 1
 1396, 750.00, 5.00, 0., 0., 1
 1397, 750.00, 5.00, 0., 0., 1
 1398, 750.00, 5.00, 0., 0., 1
 1399, 750.00, 5.00, 0., 0., 1
 1400, 750.00, 5.00, 0., 0., 1
 1401, 750.00, 5.00, 0., 0., 1
 1402, 750.00, 5.00, 0., 0., 1
 1403, 750.00, 5.00, 0., 0., 1
 1404, 750.00, 5.00, 0., 0., 1
 1405, 750.00, 5.00, 0., 0., 1
 1406, 750.00, 5.00, 0., 0., 1
 1407, 750.00, 5.00, 0., 0., 1
 1408, 750.00, 5.00, 0., 0., 1
 1409, 750.00, 5.00, 0., 0., 1
 1410, 750.00, 5.00, 0., 0., 1
 1411, 750.00, 5.00, 0., 0., 1
 1412, 750.00, 5.00, 0., 0., 1
 1413, 750.00, 5.00, 0., 0., 1
 1414, 750.00, 5.00, 0., 0., 1
 1415, 750.00, 5.00, 0., 0., 1
 1416, 750.00, 5.00, 0., 0., 1
 1417, 750.00, 5.00, 0., 0., 1
 1418, 750.00, 5.00, 0., 0., 1
 1419, 750.00, 5.00, 0., 0., 1
 1420, 750.00, 5.00, 0., 0., 1
 1421, 750.00, 5.00, 0., 0., 1
 1422, 750.00, 5.00, 0., 0., 1
 1423, 750.00, 5.00, 0., 0., 1
 1424, 750.00, 5.00, 0., 0., 1
 1425, 750.00, 5.00, 0., 0., 1
 1426, 750.00, 5.00, 0., 0., 1
 1427, 750.00, 5.00, 0., 0., 1
 1428, 750.00, 5.00, 0., 0., 1
 1429, 750.00, 5.00, 0., 0., 1
 1430, 750.00, 5.00, 0., 0., 1
 1431, 750.00, 5.00, 0., 0., 1
 1432, 750.00, 5.00, 0., 0., 1
 1433, 750.00, 5.00, 0., 0., 1
 1434, 750.00, 5.00, 0., 0., 1
 1435, 750.00, 5.00, 0., 0., 1
 1436, 750.00, 5.00, 0., 0., 1
 1437, 750.00, 5.00, 0., 0., 1
 1438, 750.00, 5.00, 0., 0., 1
 1439, 750.00, 5.00, 0., 0., 1
 1440, 750.00, 5.00, 0., 0., 1
 1441, 750.00, 5.00, 0., 0., 1
 1442, 750.00, 5.00, 0., 0., 1
 1443, 750.00, 5.00, 0., 0., 1
 1444, 750.00, 5.00, 0., 0., 1
 1445, 750.00, 5.00, 0., 0., 1
 1446, 750.00, 5.00, 0., 0., 1
 1447, 750.00, 5.00, 0., 0., 1
 1448, 750.00, 5.00, 0., 0., 1
 1449, 750.00, 5.00, 0., 0., 1
 1450, 750.00, 5.00, 0., 0., 1
 1451, 750.00, 5.00, 0., 0., 1
 1452, 750.00, 5.00, 0., 0., 1
 1453, 750.00, 5.00, 0., 0., 1
 1454, 750.00, 5.00, 0., 0., 1
 1455, 750.00, 5.00, 0., 0., 1
 1456, 750.00, 5.00, 0., 0., 1
 1457, 750.00, 5.00, 0., 0., 1
 1458, 750.00, 5.00, 0., 0., 1
 1459, 750.00, 5.00, 0., 0., 1
 1460, 750.00, 5.00, 0., 0., 1
 1461, 750.00, 5.00, 0., 0., 1
 1462, 750.00, 5.00, 0., 0., 1
 1463, 750.00, 5.00, 0., 0., 1
 1464, 750.00, 5.00, 0., 0., 1
 1465, 750.00, 5.00, 0., 0., 1
 1466, 750.00, 5.00, 0., 0., 1
 1467, 750.00, 5.00, 0., 0., 1
 1468, 750.00, 5.00, 0., 0., 1
 1469, 750.00, 5.00, 0., 0., 1
 1470, 750.00, 5.00, 0., 0., 1
 1471, 750.00, 5.00, 0., 0., 1
 1472, 750.00, 5.00, 0., 0., 1
 1473, 750.00, 5.00, 0., 0., 1
 1474, 750.00, 5.00, 0., 0., 1
 1475, 750.00, 5.00, 0., 0., 1
 1476, 750.00, 5.00, 0., 0., 1
 1477, 750.00, 5.00, 0., 0., 1
 1478, 750.00, 5.00, 0., 0., 1
 1479, 750.00, 5.00, 0., 0., 1
 1480, 750.00, 5.00, 0., 0., 1
 1481, 750.00, 5.00, 0., 0., 1
 1482, 750.00, 5.00, 0., 0., 1
 1483, 750.00, 5.00, 0., 0., 1
 1484, 750.00, 5.00, 0., 0., 1
 1485, 750.00, 5.00, 0., 0., 1
 1486, 750.00, 5.00, 0., 0., 1
 1487, 750.00, 5.00, 0., 0., 1
 1488, 750.00, 5.00, 0., 0., 1
 1489, 750.00, 5.00, 0., 0., 1
 1490, 750.00, 5.00, 0., 0., 1
 1491, 750.00, 5.00, 0., 0., 1
 1492, 750.00, 5.00, 0., 0., 1
 1493, 750.00, 5.00, 0., 0., 1
 1494, 750.00, 5.00, 0., 0., 1
 1495, 750.00, 5.00, 0., 0., 1
 1496, 750.00, 5.00, 0., 0., 1
 1497, 750.00, 5.00, 0., 0., 1
 1498, 750.00, 5.00, 0., 0., 1
 1499, 750.00, 5.00, 0., 0., 1
 1500, 750.00, 5.00, 0., 0., 1
 1501, 750.00, 5.00, 0., 0., 1
 1502, 750.00, 5.00, 0., 0., 1
 1503, 750.00, 5.00, 0., 0., 1
 1504, 750.00, 5.00, 0., 0., 1
 1505, 750.00, 5.00, 0., 0., 1
 1506, 750.00, 5.00, 0., 0., 1
 1507, 750.00, 5.00, 0., 0., 1
 1508, 750.00, 5.00, 0., 0., 1
 1509, 750.00, 5.00, 0., 0., 1
 1510, 750.00, 5.00, 0., 0., 1
 1511, 750.00, 5.00, 0., 0., 1
 1512, 750.00, 5.00, 0., 0., 1
 1513, 750.00, 5.00, 0., 0., 1
 1514, 750.00, 5.00, 0., 0., 1
 1515, 750.00, 5.00, 0., 0., 1
 1516, 750.00, 5.00, 0., 0., 1
 1517, 750.00, 5.00, 0., 0., 1
 1518, 750.00, 5.00, 0., 0., 1
 1519, 750.00, 5.00, 0., 0., 1
 1520, 750.00, 5.00, 0., 0., 1
 1521, 750.00, 5.00, 0., 0., 1
 1522, 750.00, 5.00, 0., 0., 1
 1523, 750.00, 5.00, 0., 0., 1
 1524, 750.00, 5.00, 0., 0., 1
 1525, 750.00, 5.00, 0., 0., 1
 1526, 750.00, 5.00, 0., 0., 1
 1527, 750.00, 5.00, 0., 0., 1
 1528, 750.00, 5.00, 0., 0., 1
 1529, 750.00, 5.00, 0., 0., 1
 1530, 750.00, 5.00, 0., 0., 1
 1531, 750.00, 5.00, 0., 0., 1
 1532, 750.00, 5.00, 0., 0., 1
 1533, 750.00, 5.00, 0., 0., 1
 1534, 750.00, 5.00, 0., 0., 1
 1535, 750.00, 5.00, 0., 0., 1
 1536, 750.00, 5.00, 0., 0., 1
 1537, 750.00, 5.00, 0., 0., 1
 1538, 750.00, 5.00, 0., 0., 1
 1539, 750.00, 5.00, 0., 0., 1
 1540, 750.00, 5.00, 0., 0., 1
 1541, 750.00, 5.00, 0., 0., 1
 1542, 750.00, 5.00, 0., 0., 1
 1543, 750.00, 5.00, 0., 0., 1
 1544, 750.00, 5.00, 0., 0., 1
 1545, 750.00, 5.00, 0., 0., 1
 1546, 750.00, 5.00, 0., 0., 1
 1547, 750.00, 5.00, 0., 0., 1
 1548, 750.00, 5.00, 0., 0., 1
 1549, 750.00, 5.00, 0., 0., 1
 1550, 750.00, 5.00, 0., 0., 1
 1551, 750.00, 5.00, 0., 0., 1
 1552, 750.00, 5.00, 0., 0., 1
 1553, 750.00, 5.00, 0., 0., 1
 1554, 750.00, 5.00, 0., 0., 1
 1555, 750.00, 5.00, 0., 0., 1
 1556, 750.00, 5.00, 0., 0., 1
 1557, 750.00, 5.00, 0., 0., 1
 1558, 750.00, 5.00, 0., 0., 1
 1559, 750.00, 5.00, 0., 0., 1
 1560, 750.00, 5.00, 0., 0., 1
 1561, 750.00, 5.00, 0., 0., 1
 1562, 750.00, 5.00, 0., 0., 1
 1563, 750.00, 5.00, 0., 0., 1
 1564, 750.00, 5.00, 0., 0., 1
 1565, 750.00, 5.00, 0., 0., 1
 1566, 750.00, 5.00, 0., 0., 1
 1567, 750.00, 5.00, 0., 0., 1
 1568, 750.00, 5.00, 0., 0., 1
 1569, 750.00, 5.00, 0., 0., 1
 1570, 750.00, 5.00, 0., 0., 1
 1571, 750.00, 5.00, 0., 0., 1
 1572, 750.00, 5.00, 0., 0., 1
 1573, 750.00, 5.00, 0., 0., 1
 1574, 750.00, 5.00, 0., 0., 1
 1575, 750.00, 5.00, 0., 0., 1
 1576, 750.00, 5.00, 0., 0., 1
 1577, 750.00, 5.00, 0., 0., 1
 1578, 750.00, 5.00, 0., 0., 1
 1579, 750.00, 5.00, 0., 0., 1
 1580, 750.00, 5.00, 0., 0., 1
 1581, 750.00, 5.00, 0., 0., 1
 1582, 750.00, 5.00, 0., 0., 1
 1583, 750.00, 5.00, 0., 0., 1
 1584, 750.00, 5.00, 0., 0., 1
 1585, 750.00, 5.00, 0., 0., 1
 1586, 750.00, 5.00, 0., 0., 1
 1587, 750.00, 5.00, 0., 0., 1
 1588, 750.00, 5.00, 0., 0., 1
 1589, 750.00, 5.00, 0., 0., 1
 1590, 750.00, 5.00, 0., 0., 1
 1591, 750.00, 5.00, 0., 0., 1
 1592, 750.00, 5.00, 0., 0., 1
 1593, 750.00, 5.00, 0., 0., 1
 1594, 750.00, 5.00, 0., 0., 1
 1595, 750.00, 5.00, 0., 0., 1
 1596, 750.00, 5.00, 0., 0., 1
 1597, 750.00, 5.00, 0., 0., 1
 1598, 750.00, 5.00, 0., 0., 1
 1599, 750.00, 5.00, 0., 0., 1
 1600, 750.00, 5.00, 0., 0., 1
 1601, 750.00, 5.00, 0., 0., 1
 1602, 750.00, 5.00, 0., 0., 1
 1603, 750.00, 5.00, 0., 0., 1
 1604, 750.00, 5.00, 0., 0., 1
 1605, 750.00, 5.00, 0., 0., 1
 1606, 750.00, 5.00, 0., 0., 1
 1607, 750.00, 5.00, 0., 0., 1
 1608, 750.00, 5.00, 0., 0., 1
 1609, 750.00, 5.00, 0., 0., 1
 1610, 750.00, 5.00, 0., 0., 1
 1611, 750.00, 5.00, 0., 0., 1
 1612, 750.00, 5.00, 0., 0., 1
 1613, 750.00, 5.00, 0., 0., 1
 1614, 750.00, 5.00, 0., 0., 1
 1615, 750.00, 5.00, 0., 0., 1
 1616, 750.00, 5.00, 0., 0., 1
 1617, 750.00, 5.00, 0., 0., 1
 1618, 750.00, 5.00, 0., 0., 1
 1619, 750.00, 5.00, 0., 0., 1
 1620, 750.00, 5.00, 0., 0., 1
 1621, 750.00, 5.00, 0., 0., 1
 1622, 750.00, 5.00, 0., 0., 1
 1623, 750.00, 5.00, 0., 0., 1
 1624, 750.00, 5.00, 0., 0., 1
 1625, 750.00, 5.00, 0., 0., 1
 1626, 750.00, 5.00, 0., 0., 1
 1627, 750.00, 5.00, 0., 0., 1
 1628, 750.00, 5.00, 0., 0., 1
 1629, 750.00, 5.00, 0., 0., 1
 1630, 750.00, 5.00, 0., 0., 1
 1631, 750.00, 5.00, 0., 0., 1
 1632, 750.00, 5.00, 0., 0., 1
 1633, 750.00, 5.00, 0., 0., 1
 1634, 750.00, 5.00, 0., 0., 1
 1635, 750.00, 5.00, 0., 0., 1
 1636, 750.00, 5.00, 0., 0., 1
 1637, 750.00, 5.00, 0., 0., 1
 1638, 750.00, 5.00, 0., 0., 1
 1639, 750.00, 5.00, 0., 0., 1
 1640, 750.00, 5.00, 0., 0., 1
 1641, 750.00, 5.00, 0., 0., 1
 1642, 750.00, 5.00, 0., 0., 1
 1643, 750.00, 5.00, 0., 0., 1
 1644, 750.00, 5.00, 0., 0., 1
 1645, 750.00, 5.00, 0., 0., 1
 1646, 750.00, 5.00, 0., 0., 1
 1647, 750.00, 5.00, 0., 0., 1
 1648, 750.00, 5.00, 0., 0., 1
 1649, 750.00, 5.00, 0., 0., 1
 1650, 750.00, 5.00, 0., 0., 1
 1651, 750.00, 5.00, 0., 0., 1
 1652, 750.00, 5.00, 0., 0., 1
 1653, 750.00, 5.00, 0., 0., 1
 1654, 750.00, 5.00, 0., 0., 1
 1655, 750.00, 5.00, 0., 0., 1
 1656, 750.00, 5.00, 0., 0., 1
 1657, 750.00, 5.00, 0., 0., 1
 1658, 750.00, 5.00, 0., 0., 1
 1659, 750.00, 5.00, 0., 0., 1
 1660, 750.00, 5.00, 0., 0., 1
 1661, 750.00, 5.00, 0., 0., 1
 1662, 750.00, 5.00, 0., 0., 1
 1663, 750.00, 5.00, 0., 0., 1
 1664, 750.00, 5.00, 0., 0., 1
 1665, 750.00, 5.00, 0., 0., 1
 1666, 750.00, 5.00, 0., 0., 1
 1667, 750.00, 5.00, 0., 0., 1
 1668, 750.00, 5.00, 0., 0., 1
 1669, 750.00, 5.00, 0., 0., 1
 1670, 750.00, 5.00, 0., 0., 1
 1671, 750.00, 5.00, 0., 0., 1
 1672, 750.00, 5.00, 0., 0., 1
 1673, 750.00, 5.00, 0., 0., 1
 1674, 750.00, 5.00, 0., 0., 1
 1675, 750.00, 5.00, 0., 0., 1
 1676, 750.00, 5.00, 0., 0., 1
 1677, 750.00, 5.00, 0., 0., 1
 1678, 750.00, 5.00, 0., 0., 1
 1679, 750.00, 5.00, 0., 0., 1
 1680, 750.00, 5.00, 0., 0., 1
 1681, 750.00, 5.00, 0., 0., 1
 1682, 750.00, 5.00, 0., 0., 1
 1683, 750.00, 5.00, 0., 0., 1
 1684, 750.00, 5.00, 0., 0., 1
 1685, 750.00, 5.00, 0., 0., 1
 1686, 750.00, 5.00, 0., 0., 1
 1687, 750.00, 5.00, 0., 0., 1
 1688, 750.00, 5.00, 0., 0., 1
 1689, 750.00, 5.00, 0., 0., 1
 1690, 750.00, 5.00, 0., 0., 1
 1691, 750.00, 5.00, 0., 0., 1
 1692, 750.00, 5.00, 0., 0., 1
 1693, 750.00, 5.00, 0., 0., 1
 1694, 750.00, 5.00, 0., 0., 1
 1695, 750.00, 5.00, 0., 0., 1
 1696, 750.00, 5.00, 0., 0., 1
 1697, 750.00, 5.00, 0., 0., 1
 1698, 750.00, 5.00, 0., 0., 1
 1699, 750.00, 5.00, 0., 0., 1
 1700, 750.00, 5.00, 0., 0., 1
 1701, 750.00, 5.00, 0., 0., 1
 1702, 750.00, 5.00, 0., 0., 1
 1703, 750.00, 5.00, 0., 0., 1
 1704, 750.00, 5.00, 0., 0., 1
 1705, 750.00, 5.00, 0., 0., 1
 1706, 750.00, 5.00, 0., 0., 1
 1707, 750.00, 5.00, 0., 0., 1
 1708, 750.00, 5.00, 0., 0., 1
 1709, 750.00, 5.00, 0., 0., 1
 1710, 750.00, 5.00, 0., 0., 1
 1711, 750.00, 5.00, 0., 0., 1
 1712, 750.00, 5.00, 0., 0., 1
 1713, 750.00, 5.00, 0., 0., 1
 1714, 750.00, 5.00, 0., 0., 1
 1715, 750.00, 5.00, 0., 0., 1
 1716, 750.00, 5.00, 0., 0., 1
 1717, 750.00, 5.00, 0., 0., 1
 1718, 750.00, 5.00, 0., 0., 1
 1719, 750.00, 5.00, 0., 0., 1
 1720, 750.00, 5.00, 0., 0., 1
 1721, 750.00, 5.00, 0., 0., 1
 1722, 750.00, 5.00, 0., 0., 1
 1723, 750.00, 5.00, 0., 0., 1
 1724, 750.00, 5.00, 0., 0., 1
 1725, 750.00, 5.00, 0., 0., 1
 1726, 750.00, 5.00, 0., 0., 1
 1727, 750.00, 5.00, 0., 0., 1
 1728, 750.00, 5.00, 0., 0., 1
 1729, 750.00, 5.00, 0., 0., 1
 1730, 750.00, 5.00, 0., 0., 1
 1731, 750.00, 5.00, 0., 0., 1
 1732, 750.00, 5.00, 0., 0., 1
 1733, 750.00, 5.00, 0., 0., 1
 1734, 750.00, 5.00, 0., 0., 1
 1735, 750.00, 5.00, 0., 0., 1
 1736, 750.00, 5.00, 0., 0., 1
 1737, 750.00, 5.00, 0., 0., 1
 1738, 750.00, 5.00, 0., 0., 1
 1739, 750.00, 5.00, 0., 0., 1
 1740, 750.00, 5.00, 0., 0., 1
 1741, 750.00, 5.00, 0., 0., 1
 1742, 750.00, 5.00, 0., 0., 1
 1743, 750.00, 5.00, 0., 0., 1
 1744, 750.00, 5.00, 0., 0., 1
 1745, 750.00, 5.00, 0., 0., 1
 1746, 750.00, 5.00, 0., 0., 1
 1747, 750.00, 5.00, 0., 0., 1
 1748, 750.00, 5.00, 0., 0., 1
 1749, 750.00, 5.00, 0., 0., 1
 1750, 750.00, 5.00, 0., 0., 1
 1751, 750.00, 5.00, 0., 0., 1
 1752, 750.00, 5.00, 0., 0., 1
 1753, 750.00, 5.00, 0., 0., 1
 1754, 750.00, 5.00, 0., 0., 1
 1755, 750.00, 5.00, 0., 0., 1
 1756, 750.00, 5.00, 0., 0., 1
 1757, 750.00, 5.00, 0., 0., 1
 1758, 750.00, 5.00, 0., 0., 1
 1759, 750.00, 5.00, 0., 0., 1
 1760, 750.00, 5.00, 0., 0., 1
 1761, 750.00, 5.00, 0., 0., 1
 1762, 750.00, 5.00, 0., 0., 1
 1763, 750.00, 5.00, 0., 0., 1
 1764, 750.00, 5.00, 0., 0., 1
 1765, 750.00, 5.00, 0., 0., 1
 1766, 750.00, 5.00, 0., 0., 1
 1767, 750.00, 5.00, 0., 0., 1
 1768, 750.00, 5.00, 0., 0., 1
 1769, 750.00, 5.00, 0., 0., 1
 1770, 750.00, 5.00, 0., 0., 1
 1771, 750.00, 5.00, 0., 0., 1
 1772, 750.00, 5.00, 0., 0., 1
 1773, 750.00, 5.00, 0., 0., 1
 1774, 750.00, 5.00, 0., 0., 1
 1775, 750.00, 5.00, 0., 0., 1
 1776, 750.00, 5.00, 0., 0., 1
 1777, 750.00, 5.00, 0., 0., 1
 1778, 750.00, 5.00, 0., 0., 1
 1779, 750.00, 5.00, 0., 0., 1
 1780, 750.00, 5.00, 0., 0., 1
 1781, 750.00, 5.00, 0., 0., 1
 1782, 750.00, 5.00, 0., 0., 1
 1783, 750.00, 5.00, 0., 0., 1
 1784, 750.00, 5.00, 0., 0., 1
 1785, 750.00, 5.00, 0., 0., 1
 1786, 750.00, 5.00, 0., 0., 1
 1787, 750.00, 5.00, 0., 0., 1
 1788, 750.00, 5.00, 0., 0., 1
 1789, 750.00, 5.00, 0., 0., 1
 1790, 750.00, 5.00, 0., 0., 1
 1791, 750.00, 5.00, 0., 0., 1
 1792, 750.00, 5.00, 0., 0., 1
 1793, 750.00, 5.00, 0., 0., 1
 1794, 750.00, 5.00, 0., 0., 1
 1795, 750.00, 5.00, 0., 0., 1
 1796, 750.00, 5.00, 0., 0., 1
 1797, 750.00, 5.00, 0., 0., 1
 1798, 750.00, 5.00, 0., 0., 1
 1799, 750.00, 5.00, 0., 0., 1
 1800, 750.00, 5.00, 0., 0., 1
 1801, 750.00, 5.00, 0., 0., 1
 1802, 750.00, 5.00, 0., 0., 1
 1803, 750.00, 5.00, 0., 0., 1
 1804, 750.00, 5.00, 0., 0., 1
 1805, 750.00, 5.00, 0., 0., 1
 1806, 750.00, 5.00, 0., 0., 1
 1807, 750.00, 5.00, 0., 0., 1
 1808, 750.00, 5.00, 0., 0., 1
 1809, 750.00, 5.00, 0., 0., 1
 1810, 750.00, 5.00, 0., 0., 1
 1811, 750.00, 5.00, 0., 0., 1
 1812, 750.00, 5.00, 0., 0., 1
 1813, 750.00, 5.00, 0., 0., 1
 1814, 750.00, 5.00, 0., 0., 1
 1815, 750.00, 5.00, 0., 0., 1
 1816, 750.00, 5.00, 0., 0., 1
 1817, 750.00, 5.00, 0., 0., 1
 1818, 750.00, 5.00, 0., 0., 1
 1819, 750.00, 5.00, 0., 0., 1
 1820, 750.00, 5.00, 0., 0., 1
 1821, 750.00, 5.00, 0., 0., 1
 1822, 750.00, 5.00, 0., 0., 1
 1823, 750.00, 5.00, 0., 0., 1
 1824, 750.00, 5.00, 0., 0., 1
 1825, 750.00, 5.00, 0., 0., 1
 1826, 750.00, 5.00, 0., 0., 1
 1827, 750.00, 5.00, 0., 0., 1
 1828, 750.00, 5.00, 0., 0., 1
 1829, 750.00, 5.00, 0., 0., 1
 1830, 750.00, 5.00, 0., 0., 1
 1831, 750.00, 5.00, 0., 0., 1
 1832, 750.00, 5.00, 0., 0., 1
 1833, 750.00, 5.00, 0., 0., 1
 1834, 750.00, 5.00, 0., 0., 1
 1835, 750.00, 5.00, 0., 0., 1
 1836, 750.00, 5.00, 0., 0., 1
 1837, 750.00, 5.00, 0., 0., 1
 1838, 750.00, 5.00, 0., 0., 1
 1839, 750.00, 5.00, 0., 0., 1
 1840, 750.00, 5.00, 0., 0., 1
 1841, 750.00, 5.00, 0., 0., 1
 1842, 750.00, 5.00, 0., 0., 1
 1843, 750.00, 5.00, 0., 0., 1
 1844, 750.00, 5.00, 0., 0., 1
 1845, 750.00, 5.00, 0., 0., 1
 1846, 750.00, 5.00, 0., 0., 1
 1847, 750.00, 5.00, 0., 0., 1
 1848, 750.00, 5.00, 0., 0., 1
 1849, 750.00, 5.00, 0., 0., 1
 1850, 750.00, 5.00, 0., 0., 1
 1851, 750.00, 5.00, 0., 0., 1
 1852, 750.00, 5.00, 0., 0., 1
 1853, 750.00, 5.00, 0., 0., 1
 1854, 750.00, 5.00, 0., 0., 1
 1855, 750.00, 5.00, 0., 0., 1
 1856, 750.00, 5.00, 0., 0., 1
 1857, 750.00, 5.00, 0., 0., 1
 1858, 750.00, 5.00, 0., 0., 1
 1859, 750.00, 5.00, 0., 0., 1
 1860, 750.00, 5.00, 0., 0., 1
 1861, 750.00, 5.00, 0., 0., 1
 1862, 750.00, 5.00, 0., 0., 1
 1863, 750.00, 5.00, 0., 0., 1
 1864, 750.00, 5.00, 0., 0., 1
 1865, 750.00, 5.00, 0., 0., 1
 1866, 750.00, 5.00, 0., 0., 1
 1867, 750.00, 5.00, 0., 0., 1
 1868, 750.00, 5.00, 0., 0., 1
 1869, 750.00, 5.00, 0., 0., 1
 1870, 750.00, 5.00, 0., 0., 1
 1871, 750.00, 5.00, 0., 0., 1
 1872, 750.00, 5.00, 0., 0., 1
 1873, 750.00, 5.00, 0., 0., 1
 1874, 750.00, 5.00, 0., 0., 1
 1875, 750.00, 5.00, 0., 0., 1
 1876, 750.00, 5.00, 0., 0., 1
 1877, 750.00, 5.00, 0., 0., 1
 1878, 750.00, 5.00, 0., 0., 1
 1879, 750.00, 5.00, 0., 0., 1
 1880, 750.00, 5.00, 0., 0., 1
 1881, 750.00, 5.00, 0., 0., 1
 1882, 750.00, 5.00, 0., 0., 1
 1883, 750.00, 5.00, 0., 0., 1
 1884, 750.00, 5.00, 0., 0., 1
 1885, 750.00, 5.00, 0., 0., 1
 1886, 750.00, 5.00, 0., 0., 1
 1887, 750.00, 5.00, 0., 0., 1
 1888, 750.00, 5.00, 0., 0., 1
 1889, 750.00, 5.00, 0., 0., 1
 1890, 750.00, 5.00, 0., 0., 1
 1891, 750.00, 5.00, 0., 0., 1
 1892, 750.00, 5.00, 0., 0., 1
 1893, 750.00, 5.00, 0., 0., 1
 1894, 750.00, 5.00, 0., 0., 1
 1895, 750.00, 5.00, 0., 0., 1
 1896, 750.00, 5.00, 0., 0., 1
 1897, 750.00, 5.00, 0., 0., 1
 1898, 750.00, 5.00, 0., 0., 1
 1899, 750.00, 5.00, 0., 0., 1
 1900, 750.00, 5.00, 0., 0., 1
 1901, 750.00, 5.00, 0., 0., 1
 1902, 750.00, 5.00, 0., 0., 1
 1903, 750.00, 5.00, 0., 0., 1
 1904, 750.00, 5.00, 0., 0., 1
 1905, 750.00, 5.00, 0., 0., 1
 1906, 750.00, 5.00, 0., 0., 1
 1907, 750.00, 5.00, 0., 0., 1
 1908, 750.00, 5.00, 0., 0., 1
 1909, 750.00, 5.00, 0., 0., 1
 1910, 750.00, 5.00, 0., 0., 1
 1911, 750.00, 5.00, 0., 0., 1
 1912, 750.00, 5.00, 0., 0., 1
 1913, 750.00, 5.00, 0., 0., 1
 1914, 750.00, 5.00, 0., 0., 1
 1915, 750.00, 5.00, 0., 0., 1
 1916, 750.00, 5.00, 0., 0., 1
 1917, 750.00, 5.00, 0., 0., 1
 1918, 750.00, 5.00, 0., 0., 1
 1919, 750.00, 5.00, 0., 0., 1
 1920, 750.00, 5.00, 0., 0., 1
 1921, 750.00, 5.00, 0., 0., 1
 1922, 750.00, 5.00, 0., 0., 1
 1923, 750.00, 5.00, 0., 0., 1
 1924, 750.00, 5.00, 0., 0., 1
 1925, 750.00, 5.00, 0., 0., 1
 1926, 750.00, 5.00, 0., 0., 1
 1927, 750.00, 5.00, 0., 0., 1
 1928, 750.00, 5.00, 0., 0., 1
 1929, 750.00, 5.00, 0., 0., 1
 1930, 750.00, 5.00, 0., 0., 1
 1931, 750.00, 5.00, 0., 0., 1
 1932, 750.00, 5.00, 0., 0., 1
 1933, 750.00, 5.00, 0., 0., 1
 1934, 750.00, 5.00, 0., 0., 1
 1935, 750.00, 5.00, 0., 0., 1
 1936, 750.00, 5.00, 0., 0., 1
 1937, 750.00, 5.00, 0., 0., 1
 1938, 750.00, 5.00, 0., 0., 1
 1939, 750.00, 5.00, 0., 0., 1
 1940, 750.00, 5.00, 0., 0., 1
 1941, 750.00, 5.00, 0., 0., 1
 1942, 750.00, 5.00, 0., 0., 1
 1943, 750.00, 5.00, 0., 0., 1
 1944, 750.00, 5.00, 0., 0., 1
 1945, 750.00, 5.00, 0., 0., 1
 1946, 750.00, 5.00, 0., 0., 1
 1947, 750.00, 5.00, 0., 0., 1
 1948, 750.00, 5.00, 0., 0., 1
 1949, 750.00, 5.00, 0., 0., 1
 1950, 750.00, 5.00, 0., 0., 1
 1951, 750.00, 5.00, 0., 0., 1
 1952, 750.00, 5.00, 0., 0., 1
 1953, 750.00, 5.00, 0., 0., 1
 1954, 750.00, 5.00, 0., 0., 1
 1955, 750.00, 5.00, 0., 0., 1
 1956, 750.00, 5.00, 0., 0., 1
 1957, 750.00, 5.00, 0., 0., 1
 1958, 750.00, 5.00, 0., 0., 1
 1959, 750.00, 5.00, 0., 0., 1
 1960, 750.00, 5.00, 0., 0., 1
 1961, 750.00, 5.00, 0., 0., 1
 1962, 750.00, 5.00, 0., 0., 1
 1963, 750.00, 5.00, 0., 0., 1
 1964, 750.00, 5.00, 0., 0., 1
 1965, 750.00, 5.00, 0., 0., 1
 1966, 750.00, 5.00, 0., 0., 1
 1967, 750.00, 5.00, 0., 0., 1
 1968, 750.00, 5.00, 0., 0., 1
 1969, 750.00, 5.00, 0., 0., 1
 1970, 750.00, 5.00, 0., 0., 1
 1971, 750.00, 5.00, 0., 0., 1
 1972, 750.00, 5.00, 0., 0., 1
 1973, 750.00, 5.00, 0., 0., 1
 1974, 750.00, 5.00, 0., 0., 1
 1975, 750.00, 5.00, 0., 0., 1
 1976, 750.00, 5.00, 0., 0., 1
 1977, 750.00, 5.00, 0., 0., 1
 1978, 750.00, 5.00, 0., 0., 1
 1979, 750.00, 5.00, 0., 0., 1
 1980, 750.00, 5.00, 0., 0., 1
 1981, 750.00, 5.00, 0., 0., 1
 1982, 750.00, 5.00, 0., 0., 1
 1983, 750.00, 5.00, 0., 0., 1
 1984, 750.00, 5.00, 0., 0., 1
 1985, 750.00, 5.00, 0., 0., 1
 1986, 750.00, 5.00, 0., 0., 1
 1987, 750.00, 5.00, 0., 0., 1
 1988, 750.00, 5.00, 0., 0., 1
 1989, 750.00, 5.00, 0., 0., 1
 1990, 750.00, 5.00, 0., 0., 1
 1991, 750.00, 5.00, 0., 0., 1
 1992, 750.00, 5.00, 0., 0., 1
 1993, 750.00, 5.00, 0., 0., 1
 1994, 750.00, 5.00, 0., 0., 1
 1995, 750.00, 5.00, 0., 0., 1
 1996, 750.00, 5.00, 0., 0., 1
 1997, 750.00, 5.00, 0., 0., 1
 1998, 750.00, 5.00, 0., 0., 1
 1999, 750.00, 5.00, 0., 0., 1
 2000, 750.00, 5.00, 0., 0., 1
 2001, 750.00, 5.00, 0., 0., 1
 2002, 750.00, 5.00, 0., 0., 1
 2003, 750.00, 5.00, 0., 0., 1
 2004, 750.00, 5.00, 0., 0., 1
 2005, 750.00, 5.00, 0., 0., 1
 2006, 750.00, 5.00, 0., 0., 1
 2007, 750.00, 5.00, 0., 0., 1
 2008, 750.00, 5.00, 0., 0., 1
 2009, 750.00, 5.00, 0., 0., 1
 2010, 750.00, 5.00, 0., 0., 1
 2011, 750.00, 5.00, 0., 0., 1
 2012, 750.00, 5.00, 0., 0., 1
 2013, 750.00, 5.00, 0., 0., 1
 2014, 750.00, 5.00, 0., 0., 1
 2015, 750.00, 5.00, 0., 0., 1
 2016, 750.00, 5.00, 0., 0., 1
 2017, 750.00, 5.00, 0., 0., 1
 2018, 750.00, 5.00, 0., 0., 1
 2019, 750.00, 5.00, 0., 0., 1
 2020, 750.00, 5.00, 0., 0., 1
 2021, 750.00, 5.00, 0., 0., 1
 2022, 750.00, 5.00, 0., 0., 1
 2023, 750.00, 5.00, 0., 0., 1
 2024, 750.00, 5.00, 0., 0., 1
 2025, 750.00, 5.00, 0., 0., 1
 2026, 750.00, 5.00, 0., 0., 1
 2027, 750.00, 5.00, 0., 0., 1
 2028, 750.00, 5.00, 0., 0., 1
 2029, 750.00, 5.00, 0., 0., 1
 2030, 750.00, 5.00, 0., 0., 1
 2031, 750.00, 5.00, 0., 0., 1
 2032, 750.00, 5.00, 0., 0., 1
 2033, 750.00, 5.00, 0., 0., 1
 2034, 750.00, 5.00, 0., 0., 1
 2035, 750.00, 5.00, 0., 0., 1
 2036, 750.00, 5.00, 0., 0., 1
 2037, 750.00, 5.00, 0., 0., 1
 2038, 750.00, 5.00, 0., 0., 1
 2039, 750.00, 5.00, 0., 0., 1
 2040, 750.00, 5.00, 0., 0., 1
 2041, 750.00, 5.00, 0., 0., 1
 2042, 750.00, 5.00, 0., 0., 1
 2043, 750.00, 5.00, 0., 0., 1
 2044, 750.00, 5.00, 0., 0., 1
 2045, 750.00, 5.00, 0., 0., 1
 2046, 750.00, 5.00, 0., 0., 1
 2047, 750.00, 5.00, 0., 0., 1
