0 1
1 13 0 0 0 0 0.0 0.0 10.0 10.0005512348 0.105 50.0 -150.0 0.0 0.0
1 1
1 13 0 0 0 0 0.0 0.0 10.0 10.0005512348 0.105 50.0 -134.210526316 0.0 0.0
2 1
1 13 0 0 0 0 0.0 0.0 10.0 10.0005512348 0.105 50.0 -118.421052632 0.0 0.0
3 1
1 13 0 0 0 0 0.0 0.0 10.0 10.0005512348 0.105 50.0 -102.631578947 0.0 0.0
4 1
1 13 0 0 0 0 0.0 0.0 10.0 10.0005512348 0.105 50.0 -86.8421052632 0.0 0.0
5 1
1 13 0 0 0 0 0.0 0.0 10.0 10.0005512348 0.105 50.0 -71.0526315789 0.0 0.0
6 1
1 13 0 0 0 0 0.0 0.0 10.0 10.0005512348 0.105 50.0 -55.2631578947 0.0 0.0
7 1
1 13 0 0 0 0 0.0 0.0 10.0 10.0005512348 0.105 50.0 -39.4736842105 0.0 0.0
8 1
1 13 0 0 0 0 0.0 0.0 10.0 10.0005512348 0.105 50.0 -23.6842105263 0.0 0.0
9 1
1 13 0 0 0 0 0.0 0.0 10.0 10.0005512348 0.105 50.0 -7.89473684211 0.0 0.0
10 1
1 13 0 0 0 0 0.0 0.0 10.0 10.0005512348 0.105 50.0 7.89473684211 0.0 0.0
11 1
1 13 0 0 0 0 0.0 0.0 10.0 10.0005512348 0.105 50.0 23.6842105263 0.0 0.0
12 1
1 13 0 0 0 0 0.0 0.0 10.0 10.0005512348 0.105 50.0 39.4736842105 0.0 0.0
13 1
1 13 0 0 0 0 0.0 0.0 10.0 10.0005512348 0.105 50.0 55.2631578947 0.0 0.0
14 1
1 13 0 0 0 0 0.0 0.0 10.0 10.0005512348 0.105 50.0 71.0526315789 0.0 0.0
15 1
1 13 0 0 0 0 0.0 0.0 10.0 10.0005512348 0.105 50.0 86.8421052632 0.0 0.0
16 1
1 13 0 0 0 0 0.0 0.0 10.0 10.0005512348 0.105 50.0 102.631578947 0.0 0.0
17 1
1 13 0 0 0 0 0.0 0.0 10.0 10.0005512348 0.105 50.0 118.421052632 0.0 0.0
18 1
1 13 0 0 0 0 0.0 0.0 10.0 10.0005512348 0.105 50.0 134.210526316 0.0 0.0
19 1
1 13 0 0 0 0 0.0 0.0 10.0 10.0005512348 0.105 50.0 150.0 0.0 0.0
