0 1
1 13 0 0 0 0 0.0 -10.0 0.0 10.0005512348 0.105 50.0 115.0 -10.0 0.0
1 1
1 13 0 0 0 0 0.0 -10.0 0.0 10.0005512348 0.105 50.0 115.0 6.31578947368 0.0
2 1
1 13 0 0 0 0 0.0 -10.0 0.0 10.0005512348 0.105 50.0 115.0 22.6315789474 0.0
3 1
1 13 0 0 0 0 0.0 -10.0 0.0 10.0005512348 0.105 50.0 115.0 38.9473684211 0.0
4 1
1 13 0 0 0 0 0.0 -10.0 0.0 10.0005512348 0.105 50.0 115.0 55.2631578947 0.0
5 1
1 13 0 0 0 0 0.0 -10.0 0.0 10.0005512348 0.105 50.0 115.0 71.5789473684 0.0
6 1
1 13 0 0 0 0 0.0 -10.0 0.0 10.0005512348 0.105 50.0 115.0 87.8947368421 0.0
7 1
1 13 0 0 0 0 0.0 -10.0 0.0 10.0005512348 0.105 50.0 115.0 104.210526316 0.0
8 1
1 13 0 0 0 0 0.0 -10.0 0.0 10.0005512348 0.105 50.0 115.0 120.526315789 0.0
9 1
1 13 0 0 0 0 0.0 -10.0 0.0 10.0005512348 0.105 50.0 115.0 136.842105263 0.0
10 1
1 13 0 0 0 0 0.0 -10.0 0.0 10.0005512348 0.105 50.0 115.0 153.157894737 0.0
11 1
1 13 0 0 0 0 0.0 -10.0 0.0 10.0005512348 0.105 50.0 115.0 169.473684211 0.0
12 1
1 13 0 0 0 0 0.0 -10.0 0.0 10.0005512348 0.105 50.0 115.0 185.789473684 0.0
13 1
1 13 0 0 0 0 0.0 -10.0 0.0 10.0005512348 0.105 50.0 115.0 202.105263158 0.0
14 1
1 13 0 0 0 0 0.0 -10.0 0.0 10.0005512348 0.105 50.0 115.0 218.421052632 0.0
15 1
1 13 0 0 0 0 0.0 -10.0 0.0 10.0005512348 0.105 50.0 115.0 234.736842105 0.0
16 1
1 13 0 0 0 0 0.0 -10.0 0.0 10.0005512348 0.105 50.0 115.0 251.052631579 0.0
17 1
1 13 0 0 0 0 0.0 -10.0 0.0 10.0005512348 0.105 50.0 115.0 267.368421053 0.0
18 1
1 13 0 0 0 0 0.0 -10.0 0.0 10.0005512348 0.105 50.0 115.0 283.684210526 0.0
19 1
1 13 0 0 0 0 0.0 -10.0 0.0 10.0005512348 0.105 50.0 115.0 300.0 0.0
